#x y z Bx By Bz
0 0 -2 3.7048e-06 0 1.35602
0 0 -1.80303 3.77934e-06 0 1.73303
0 0 -1.60606 3.8559e-06 0 2.25972
0 0 -1.40909 3.93453e-06 0 3.00826
0 0 -1.21212 4.0153e-06 0 4.08147
0 0 -1.01515 4.0983e-06 0 5.60384
0 0 -0.818182 4.1836e-06 0 7.66023
0 0 -0.621212 4.27127e-06 0 10.1516
0 0 -0.424242 4.3614e-06 0 12.7087
0 0 -0.227273 4.45407e-06 0 14.9218
0 0 -0.030303 4.54939e-06 0 16.6261
0 0 0.166667 4.64743e-06 0 17.8665
0 0 0.363636 4.7483e-06 0 18.7438
0 0 0.560606 4.8521e-06 0 19.341
0 0 0.757576 4.95894e-06 0 19.7107
0 0 0.954545 5.06893e-06 0 19.8763
0 0 1.15152 5.18218e-06 0 19.833
0 0 1.34848 5.29881e-06 0 19.5612
0 0 1.54545 5.41896e-06 0 19.0525
0 0 1.74242 5.54275e-06 0 18.3323
0 0 1.93939 5.67033e-06 0 17.4681
0 0 2.13636 5.80183e-06 0 16.5364
0 0 2.33333 5.93741e-06 0 15.5801
0 0 2.5303 6.07723e-06 0 14.6156
0 0 2.72727 6.22145e-06 0 13.6664
0 0 2.92424 6.37024e-06 0 12.7612
0 0 3.12121 6.52379e-06 0 11.906
0 0 3.31818 6.68228e-06 0 11.092
0 0 3.51515 6.84592e-06 0 10.3244
0 0 3.71212 7.01491e-06 0 9.62033
0 0 3.90909 7.18947e-06 0 8.98097
0 0 4.10606 7.36983e-06 0 8.39133
0 0 4.30303 7.55622e-06 0 7.84616
0 0 4.5 7.74891e-06 0 7.35263
0 0 4.69697 7.94815e-06 0 6.90656
0 0 4.89394 8.15422e-06 0 6.49221
0 0 5.09091 8.36741e-06 0 6.10568
0 0 5.28788 8.58802e-06 0 5.75671
0 0 5.48485 8.81638e-06 0 5.44538
0 0 5.68182 9.05282e-06 0 5.15743
0 0 5.87879 9.2977e-06 0 4.8861
0 0 6.07576 9.55138e-06 0 4.63879
0 0 6.27273 9.81426e-06 0 4.41575
0 0 6.4697 1.00867e-05 0 4.20662
0 0 6.66667 1.03693e-05 0 4.00787
0 0 6.86364 1.06623e-05 0 3.82651
0 0 7.06061 1.09662e-05 0 3.66634
0 0 7.25758 1.12817e-05 0 3.52115
0 0 7.45455 1.16091e-05 0 3.384
0 0 7.65152 1.1949e-05 0 3.2533
0 0 7.84848 1.23021e-05 0 3.12464
0 0 8.04545 1.26689e-05 0 2.99299
0 0 8.24242 1.30501e-05 0 2.87419
0 0 8.43939 1.34463e-05 0 2.79889
0 0 8.63636 1.38582e-05 0 2.74796
0 0 8.83333 1.42866e-05 0 2.6485
0 0 9.0303 1.47322e-05 0 2.50155
0 0 9.22727 1.51958e-05 0 2.41384
0 0 9.42424 1.56783e-05 0 2.40561
0 0 9.62121 1.61806e-05 0 2.37084
0 0 9.81818 1.67034e-05 0 2.27482
0 0 10.0152 1.72478e-05 0 2.18132
0 0 10.2121 1.78146e-05 0 2.12803
0 0 10.4091 1.84049e-05 0 2.09736
0 0 10.6061 1.90196e-05 0 2.06364
0 0 10.803 1.96596e-05 0 2.01767
0 0 11 2.03259e-05 0 1.96427
0 0 11.197 2.10194e-05 0 1.9134
0 0 11.3939 2.1741e-05 0 1.87173
0 0 11.5909 2.24912e-05 0 1.83957
0 0 11.7879 2.32707e-05 0 1.81355
0 0 11.9848 2.40798e-05 0 1.78943
0 0 12.1818 2.49185e-05 0 1.76309
0 0 12.3788 2.57863e-05 0 1.73194
0 0 12.5758 2.66821e-05 0 1.69805
0 0 12.7727 2.7604e-05 0 1.66785
0 0 12.9697 2.85488e-05 0 1.64507
0 0 13.1667 2.95118e-05 0 1.6286
0 0 13.3636 3.0486e-05 0 1.61574
0 0 13.5606 3.14612e-05 0 1.60399
0 0 13.7576 3.2423e-05 0 1.59121
0 0 13.9545 3.33504e-05 0 1.57598
0 0 14.1515 3.4214e-05 0 1.55906
0 0 14.3485 3.49709e-05 0 1.54365
0 0 14.5455 3.55591e-05 0 1.53207
0 0 14.7424 3.58876e-05 0 1.52422
0 0 14.9394 3.58203e-05 0 1.51915
0 0 15.1364 3.51505e-05 0 1.51628
0 0 15.3333 3.35555e-05 0 1.51553
0 0 15.5303 3.05185e-05 0 1.51688
0 0 15.7273 2.51828e-05 0 1.5191
0 0 15.9242 1.60709e-05 0 1.51901
0 0 16.1212 5.11146e-07 0 1.51339
0 0 16.3182 -2.66057e-05 0 1.50003
0 0 16.5152 -7.57254e-05 0 1.47624
0 0 16.7121 -0.000169948 0 1.43754
0 0 16.9091 -0.000365162 0 1.37961
0 0 17.1061 -0.000809817 0 1.31058
0 0 17.303 -0.00192491 0 1.27717
0 0 17.5 -0.00482574 0 1.3326
0.0421053 0 -2 -0.0341503 0 1.35488
0.0421053 0 -1.80303 -0.047215 0 1.73134
0.0421053 0 -1.60606 -0.0665475 0 2.25721
0.0421053 0 -1.40909 -0.0951689 0 3.00457
0.0421053 0 -1.21212 -0.136397 0 4.07631
0.0421053 0 -1.01515 -0.190716 0 5.59756
0.0421053 0 -0.818182 -0.24749 0 7.65494
0.0421053 0 -0.621212 -0.278437 0 10.1508
0.0421053 0 -0.424242 -0.260705 0 12.7129
0.0421053 0 -0.227273 -0.209821 0 14.9278
0.0421053 0 -0.030303 -0.155563 0 16.6315
0.0421053 0 0.166667 -0.111361 0 17.8706
0.0421053 0 0.363636 -0.0775502 0 18.7469
0.0421053 0 0.560606 -0.0509668 0 19.3435
0.0421053 0 0.757576 -0.0284484 0 19.713
0.0421053 0 0.954545 -0.00683849 0 19.8787
0.0421053 0 1.15152 0.0164838 0 19.8356
0.0421053 0 1.34848 0.0417996 0 19.564
0.0421053 0 1.54545 0.0665695 0 19.0549
0.0421053 0 1.74242 0.0862066 0 18.3339
0.0421053 0 1.93939 0.0971715 0 17.4688
0.0421053 0 2.13636 0.101309 0 16.5367
0.0421053 0 2.33333 0.102933 0 15.5802
0.0421053 0 2.5303 0.102865 0 14.6154
0.0421053 0 2.72727 0.0994935 0 13.6659
0.0421053 0 2.92424 0.093943 0 12.7606
0.0421053 0 3.12121 0.0890969 0 11.9056
0.0421053 0 3.31818 0.084834 0 11.0915
0.0421053 0 3.51515 0.07891 0 10.3237
0.0421053 0 3.71212 0.0715933 0 9.61957
0.0421053 0 3.90909 0.0654082 0 8.98042
0.0421053 0 4.10606 0.0607456 0 8.39084
0.0421053 0 4.30303 0.0556246 0 7.84556
0.0421053 0 4.5 0.0499613 0 7.35207
0.0421053 0 4.69697 0.0457285 0 6.90621
0.0421053 0 4.89394 0.0429305 0 6.49191
0.0421053 0 5.09091 0.0394924 0 6.10523
0.0421053 0 5.28788 0.0351106 0 5.75626
0.0421053 0 5.48485 0.0317486 0 5.44512
0.0421053 0 5.68182 0.0299548 0 5.15726
0.0421053 0 5.87879 0.0278815 0 4.88581
0.0421053 0 6.07576 0.0249954 0 4.6385
0.0421053 0 6.27273 0.0229173 0 4.4156
0.0421053 0 6.4697 0.0218736 0 4.20651
0.0421053 0 6.66667 0.0204819 0 4.00767
0.0421053 0 6.86364 0.0182289 0 3.82626
0.0421053 0 7.06061 0.0161582 0 3.66617
0.0421053 0 7.25758 0.0150333 0 3.52107
0.0421053 0 7.45455 0.0143089 0 3.38392
0.0421053 0 7.65152 0.0137264 0 3.25328
0.0421053 0 7.84848 0.0139361 0 3.12469
0.0421053 0 8.04545 0.0139786 0 2.99287
0.0421053 0 8.24242 0.0107753 0 2.87364
0.0421053 0 8.43939 0.005621 0 2.79853
0.0421053 0 8.63636 0.00681002 0 2.7486
0.0421053 0 8.83333 0.0145909 0 2.6492
0.0421053 0 9.0303 0.01458 0 2.50076
0.0421053 0 9.22727 0.00374916 0 2.41275
0.0421053 0 9.42424 0.000339239 0 2.40603
0.0421053 0 9.62121 0.00771358 0 2.37167
0.0421053 0 9.81818 0.0114705 0 2.27474
0.0421053 0 10.0152 0.00789884 0 2.1808
0.0421053 0 10.2121 0.00393619 0 2.12777
0.0421053 0 10.4091 0.00312068 0 2.09741
0.0421053 0 10.6061 0.00426667 0 2.0638
0.0421053 0 10.803 0.00550256 0 2.01776
0.0421053 0 11 0.00577079 0 1.96424
0.0421053 0 11.197 0.00502825 0 1.91329
0.0421053 0 11.3939 0.00392454 0 1.87161
0.0421053 0 11.5909 0.0030552 0 1.8395
0.0421053 0 11.7879 0.00262403 0 1.81353
0.0421053 0 11.9848 0.00264981 0 1.78945
0.0421053 0 12.1818 0.00307897 0 1.76315
0.0421053 0 12.3788 0.00359873 0 1.73198
0.0421053 0 12.5758 0.00357247 0 1.69801
0.0421053 0 12.7727 0.00287374 0 1.66776
0.0421053 0 12.9697 0.00207898 0 1.64499
0.0421053 0 13.1667 0.00154667 0 1.62856
0.0421053 0 13.3636 0.00130329 0 1.61573
0.0421053 0 13.5606 0.00130621 0 1.604
0.0421053 0 13.7576 0.00151593 0 1.59124
0.0421053 0 13.9545 0.00179479 0 1.576
0.0421053 0 14.1515 0.00182825 0 1.55904
0.0421053 0 14.3485 0.00149436 0 1.5436
0.0421053 0 14.5455 0.00105738 0 1.53203
0.0421053 0 14.7424 0.000710321 0 1.52418
0.0421053 0 14.9394 0.000454477 0 1.51912
0.0421053 0 15.1364 0.000230945 0 1.51625
0.0421053 0 15.3333 -4.16539e-06 0 1.5155
0.0421053 0 15.5303 -0.000202962 0 1.51687
0.0421053 0 15.7273 -0.000157908 0 1.51912
0.0421053 0 15.9242 0.000273852 0 1.51907
0.0421053 0 16.1212 0.000977137 0 1.51347
0.0421053 0 16.3182 0.001895 0 1.50014
0.0421053 0 16.5152 0.00316625 0 1.47639
0.0421053 0 16.7121 0.00495194 0 1.43774
0.0421053 0 16.9091 0.00682777 0 1.37972
0.0421053 0 17.1061 0.00599037 0 1.31006
0.0421053 0 17.303 -0.00280759 0 1.27562
0.0421053 0 17.5 -0.0143909 0 1.33132
0.0842105 0 -2 -0.0681652 0 1.35145
0.0842105 0 -1.80303 -0.0942218 0 1.7263
0.0842105 0 -1.60606 -0.132782 0 2.24972
0.0842105 0 -1.40909 -0.189903 0 2.99354
0.0842105 0 -1.21212 -0.272319 0 4.06083
0.0842105 0 -1.01515 -0.381286 0 5.57865
0.0842105 0 -0.818182 -0.495871 0 7.63892
0.0842105 0 -0.621212 -0.558704 0 10.1483
0.0842105 0 -0.424242 -0.522589 0 12.7257
0.0842105 0 -0.227273 -0.419695 0 14.946
0.0842105 0 -0.030303 -0.310747 0 16.6475
0.0842105 0 0.166667 -0.222363 0 17.8829
0.0842105 0 0.363636 -0.154859 0 18.7564
0.0842105 0 0.560606 -0.101799 0 19.3512
0.0842105 0 0.757576 -0.0568711 0 19.7199
0.0842105 0 0.954545 -0.0137488 0 19.8858
0.0842105 0 1.15152 0.0328854 0 19.8435
0.0842105 0 1.34848 0.0836058 0 19.5722
0.0842105 0 1.54545 0.133311 0 19.0623
0.0842105 0 1.74242 0.172726 0 18.3389
0.0842105 0 1.93939 0.19458 0 17.471
0.0842105 0 2.13636 0.202684 0 16.5374
0.0842105 0 2.33333 0.205908 0 15.5806
0.0842105 0 2.5303 0.205848 0 14.6149
0.0842105 0 2.72727 0.199063 0 13.6643
0.0842105 0 2.92424 0.187843 0 12.7589
0.0842105 0 3.12121 0.178159 0 11.9043
0.0842105 0 3.31818 0.169729 0 11.09
0.0842105 0 3.51515 0.15787 0 10.3214
0.0842105 0 3.71212 0.143132 0 9.61728
0.0842105 0 3.90909 0.130747 0 8.97876
0.0842105 0 4.10606 0.121508 0 8.38938
0.0842105 0 4.30303 0.111269 0 7.84373
0.0842105 0 4.5 0.0998575 0 7.35039
0.0842105 0 4.69697 0.0913913 0 6.90518
0.0842105 0 4.89394 0.0858821 0 6.49103
0.0842105 0 5.09091 0.079018 0 6.1039
0.0842105 0 5.28788 0.0701718 0 5.75491
0.0842105 0 5.48485 0.0634248 0 5.44435
0.0842105 0 5.68182 0.0599157 0 5.15676
0.0842105 0 5.87879 0.055791 0 4.88495
0.0842105 0 6.07576 0.0499468 0 4.63762
0.0842105 0 6.27273 0.0457834 0 4.41516
0.0842105 0 6.4697 0.0437526 0 4.2062
0.0842105 0 6.66667 0.040989 0 4.00706
0.0842105 0 6.86364 0.0364395 0 3.82549
0.0842105 0 7.06061 0.0322677 0 3.66566
0.0842105 0 7.25758 0.0300429 0 3.52082
0.0842105 0 7.45455 0.0286061 0 3.38368
0.0842105 0 7.65152 0.027408 0 3.25319
0.0842105 0 7.84848 0.0278555 0 3.12488
0.0842105 0 8.04545 0.0280688 0 2.99253
0.0842105 0 8.24242 0.021637 0 2.87195
0.0842105 0 8.43939 0.0109843 0 2.79741
0.0842105 0 8.63636 0.0133165 0 2.75055
0.0842105 0 8.83333 0.0294733 0 2.65136
0.0842105 0 9.0303 0.0296147 0 2.49834
0.0842105 0 9.22727 0.00715797 0 2.40942
0.0842105 0 9.42424 0.000223657 0 2.40733
0.0842105 0 9.62121 0.0155869 0 2.37418
0.0842105 0 9.81818 0.0232126 0 2.27448
0.0842105 0 10.0152 0.0157751 0 2.1792
0.0842105 0 10.2121 0.00773116 0 2.127
0.0842105 0 10.4091 0.00615552 0 2.09758
0.0842105 0 10.6061 0.00851388 0 2.06427
0.0842105 0 10.803 0.0110219 0 2.01803
0.0842105 0 11 0.0115583 0 1.96414
0.0842105 0 11.197 0.0100474 0 1.91295
0.0842105 0 11.3939 0.00781787 0 1.87128
0.0842105 0 11.5909 0.00607244 0 1.83929
0.0842105 0 11.7879 0.00520904 0 1.81346
0.0842105 0 11.9848 0.005261 0 1.78953
0.0842105 0 12.1818 0.00612833 0 1.76333
0.0842105 0 12.3788 0.00719221 0 1.73209
0.0842105 0 12.5758 0.00714422 0 1.69787
0.0842105 0 12.7727 0.00572181 0 1.66748
0.0842105 0 12.9697 0.00411938 0 1.64477
0.0842105 0 13.1667 0.00305382 0 1.62844
0.0842105 0 13.3636 0.00256774 0 1.61569
0.0842105 0 13.5606 0.00257361 0 1.60404
0.0842105 0 13.7576 0.00299628 0 1.59133
0.0842105 0 13.9545 0.00356523 0 1.57607
0.0842105 0 14.1515 0.00363655 0 1.55899
0.0842105 0 14.3485 0.00295673 0 1.54346
0.0842105 0 14.5455 0.00207548 0 1.5319
0.0842105 0 14.7424 0.0013815 0 1.52409
0.0842105 0 14.9394 0.000872066 0 1.51905
0.0842105 0 15.1364 0.00042738 0 1.51618
0.0842105 0 15.3333 -4.25005e-05 0 1.51542
0.0842105 0 15.5303 -0.000444915 0 1.51683
0.0842105 0 15.7273 -0.00035544 0 1.5192
0.0842105 0 15.9242 0.000522717 0 1.51927
0.0842105 0 16.1212 0.00194709 0 1.51373
0.0842105 0 16.3182 0.00380466 0 1.50049
0.0842105 0 16.5152 0.0063894 0 1.47688
0.0842105 0 16.7121 0.0100641 0 1.4384
0.0842105 0 16.9091 0.0140995 0 1.38018
0.0842105 0 17.1061 0.0130934 0 1.30884
0.0842105 0 17.303 -0.00353875 0 1.27165
0.0842105 0 17.5 -0.0243347 0 1.32939
0.126316 0 -2 -0.101903 0 1.34575
0.126316 0 -1.80303 -0.140806 0 1.71791
0.126316 0 -1.60606 -0.198385 0 2.23727
0.126316 0 -1.40909 -0.283759 0 2.97519
0.126316 0 -1.21212 -0.407266 0 4.03502
0.126316 0 -1.01515 -0.571524 0 5.54689
0.126316 0 -0.818182 -0.746021 0 7.61175
0.126316 0 -0.621212 -0.842696 0 10.1442
0.126316 0 -0.424242 -0.786838 0 12.7476
0.126316 0 -0.227273 -0.629632 0 14.9766
0.126316 0 -0.030303 -0.465147 0 16.6743
0.126316 0 0.166667 -0.332636 0 17.9035
0.126316 0 0.363636 -0.231676 0 18.7722
0.126316 0 0.560606 -0.152351 0 19.364
0.126316 0 0.757576 -0.0852329 0 19.7313
0.126316 0 0.954545 -0.0207963 0 19.8976
0.126316 0 1.15152 0.0491294 0 19.8566
0.126316 0 1.34848 0.125432 0 19.586
0.126316 0 1.54545 0.200407 0 19.0747
0.126316 0 1.74242 0.25989 0 18.3472
0.126316 0 1.93939 0.292479 0 17.4745
0.126316 0 2.13636 0.304196 0 16.5386
0.126316 0 2.33333 0.308975 0 15.5811
0.126316 0 2.5303 0.309089 0 14.6141
0.126316 0 2.72727 0.2988 0 13.6616
0.126316 0 2.92424 0.281664 0 12.7559
0.126316 0 3.12121 0.267159 0 11.902
0.126316 0 3.31818 0.254763 0 11.0874
0.126316 0 3.51515 0.236948 0 10.3176
0.126316 0 3.71212 0.214571 0 9.61344
0.126316 0 3.90909 0.195957 0 8.97602
0.126316 0 4.10606 0.182322 0 8.38697
0.126316 0 4.30303 0.166972 0 7.84066
0.126316 0 4.5 0.149635 0 7.34757
0.126316 0 4.69697 0.136935 0 6.90348
0.126316 0 4.89394 0.128896 0 6.48957
0.126316 0 5.09091 0.118631 0 6.10166
0.126316 0 5.28788 0.105149 0 5.75262
0.126316 0 5.48485 0.0949688 0 5.44309
0.126316 0 5.68182 0.0899094 0 5.15596
0.126316 0 5.87879 0.0837796 0 4.88349
0.126316 0 6.07576 0.0748261 0 4.63613
0.126316 0 6.27273 0.0685637 0 4.41444
0.126316 0 6.4697 0.0656646 0 4.2057
0.126316 0 6.66667 0.0615701 0 4.00603
0.126316 0 6.86364 0.0546343 0 3.82419
0.126316 0 7.06061 0.0482989 0 3.6648
0.126316 0 7.25758 0.0450279 0 3.52042
0.126316 0 7.45455 0.0429058 0 3.38327
0.126316 0 7.65152 0.0410213 0 3.25304
0.126316 0 7.84848 0.0417612 0 3.12521
0.126316 0 8.04545 0.0424129 0 2.992
0.126316 0 8.24242 0.0327136 0 2.86906
0.126316 0 8.43939 0.015847 0 2.79544
0.126316 0 8.63636 0.0192125 0 2.75393
0.126316 0 8.83333 0.0449845 0 2.65519
0.126316 0 9.0303 0.0456375 0 2.49413
0.126316 0 9.22727 0.00988084 0 2.40361
0.126316 0 9.42424 -0.000802714 0 2.40966
0.126316 0 9.62121 0.023838 0 2.37855
0.126316 0 9.81818 0.035548 0 2.27398
0.126316 0 10.0152 0.023631 0 2.17644
0.126316 0 10.2121 0.0112724 0 2.1257
0.126316 0 10.4091 0.00905572 0 2.0979
0.126316 0 10.6061 0.0127613 0 2.06507
0.126316 0 10.803 0.0166155 0 2.01849
0.126316 0 11 0.0174209 0 1.96397
0.126316 0 11.197 0.0150902 0 1.91237
0.126316 0 11.3939 0.0116916 0 1.87071
0.126316 0 11.5909 0.00905852 0 1.83893
0.126316 0 11.7879 0.00776257 0 1.81336
0.126316 0 11.9848 0.0078428 0 1.78967
0.126316 0 12.1818 0.00916751 0 1.76364
0.126316 0 12.3788 0.0108276 0 1.73229
0.126316 0 12.5758 0.0107693 0 1.69763
0.126316 0 12.7727 0.00857303 0 1.66702
0.126316 0 12.9697 0.00613923 0 1.6444
0.126316 0 13.1667 0.00454094 0 1.62823
0.126316 0 13.3636 0.00381549 0 1.61563
0.126316 0 13.5606 0.00382622 0 1.6041
0.126316 0 13.7576 0.0044699 0 1.59149
0.126316 0 13.9545 0.00535391 0 1.57619
0.126316 0 14.1515 0.00547419 0 1.55889
0.126316 0 14.3485 0.00442474 0 1.54322
0.126316 0 14.5455 0.00308585 0 1.53168
0.126316 0 14.7424 0.00204609 0 1.52393
0.126316 0 14.9394 0.00128752 0 1.51893
0.126316 0 15.1364 0.000625163 0 1.51606
0.126316 0 15.3333 -8.18182e-05 0 1.5153
0.126316 0 15.5303 -0.000703917 0 1.51676
0.126316 0 15.7273 -0.000582582 0 1.51933
0.126316 0 15.9242 0.000753747 0 1.51959
0.126316 0 16.1212 0.00290363 0 1.51417
0.126316 0 16.3182 0.0056898 0 1.50106
0.126316 0 16.5152 0.00957295 0 1.47771
0.126316 0 16.7121 0.0151508 0 1.43954
0.126316 0 16.9091 0.0215142 0 1.38105
0.126316 0 17.1061 0.0207927 0 1.30696
0.126316 0 17.303 -0.00398924 0 1.26504
0.126316 0 17.5 -0.0352414 0 1.32685
0.168421 0 -2 -0.135228 0 1.33782
0.168421 0 -1.80303 -0.186759 0 1.70624
0.168421 0 -1.60606 -0.263041 0 2.21993
0.168421 0 -1.40909 -0.376292 0 2.94959
0.168421 0 -1.21212 -0.54072 0 3.99882
0.168421 0 -1.01515 -0.761186 0 5.50194
0.168421 0 -0.818182 -0.998816 0 7.5727
0.168421 0 -0.621212 -1.13247 0 10.1382
0.168421 0 -0.424242 -1.05467 0 12.7791
0.168421 0 -0.227273 -0.839582 0 15.02
0.168421 0 -0.030303 -0.618329 0 16.7118
0.168421 0 0.166667 -0.441809 0 17.9322
0.168421 0 0.363636 -0.307757 0 18.7942
0.168421 0 0.560606 -0.202484 0 19.3819
0.168421 0 0.757576 -0.113503 0 19.7473
0.168421 0 0.954545 -0.0280593 0 19.9141
0.168421 0 1.15152 0.0651273 0 19.875
0.168421 0 1.34848 0.167282 0 19.6054
0.168421 0 1.54545 0.268034 0 19.0923
0.168421 0 1.74242 0.348049 0 18.3589
0.168421 0 1.93939 0.391123 0 17.4793
0.168421 0 2.13636 0.405895 0 16.5402
0.168421 0 2.33333 0.412167 0 15.582
0.168421 0 2.5303 0.412729 0 14.613
0.168421 0 2.72727 0.398797 0 13.6577
0.168421 0 2.92424 0.375352 0 12.7516
0.168421 0 3.12121 0.356058 0 11.899
0.168421 0 3.31818 0.34002 0 11.0839
0.168421 0 3.51515 0.316214 0 10.3123
0.168421 0 3.71212 0.285851 0 9.60798
0.168421 0 3.90909 0.260961 0 8.97224
0.168421 0 4.10606 0.243224 0 8.38365
0.168421 0 4.30303 0.222773 0 7.83631
0.168421 0 4.5 0.199224 0 7.34357
0.168421 0 4.69697 0.182288 0 6.90115
0.168421 0 4.89394 0.172011 0 6.4876
0.168421 0 5.09091 0.158387 0 6.09847
0.168421 0 5.28788 0.139992 0 5.74936
0.168421 0 5.48485 0.126302 0 5.44134
0.168421 0 5.68182 0.119959 0 5.1549
0.168421 0 5.87879 0.111899 0 4.88141
0.168421 0 6.07576 0.0995884 0 4.634
0.168421 0 6.27273 0.0912082 0 4.41345
0.168421 0 6.4697 0.0876305 0 4.20505
0.168421 0 6.66667 0.0822694 0 4.00458
0.168421 0 6.86364 0.0728036 0 3.82232
0.168421 0 7.06061 0.0642062 0 3.6636
0.168421 0 7.25758 0.0599776 0 3.5199
0.168421 0 7.45455 0.0572155 0 3.38269
0.168421 0 7.65152 0.0545257 0 3.25281
0.168421 0 7.84848 0.0556336 0 3.12575
0.168421 0 8.04545 0.0571513 0 2.99136
0.168421 0 8.24242 0.044155 0 2.86484
0.168421 0 8.43939 0.0199286 0 2.7924
0.168421 0 8.63636 0.0241125 0 2.75892
0.168421 0 8.83333 0.0614814 0 2.66106
0.168421 0 9.0303 0.0632724 0 2.48786
0.168421 0 9.22727 0.0114802 0 2.39488
0.168421 0 9.42424 -0.00327856 0 2.41334
0.168421 0 9.62121 0.0327239 0 2.38505
0.168421 0 9.81818 0.0488158 0 2.27309
0.168421 0 10.0152 0.0314313 0 2.17238
0.168421 0 10.2121 0.0144156 0 2.12389
0.168421 0 10.4091 0.0117548 0 2.09839
0.168421 0 10.6061 0.0170119 0 2.06623
0.168421 0 10.803 0.0223242 0 2.01914
0.168421 0 11 0.0233989 0 1.96371
0.168421 0 11.197 0.0201676 0 1.91154
0.168421 0 11.3939 0.0155343 0 1.86991
0.168421 0 11.5909 0.0119974 0 1.83844
0.168421 0 11.7879 0.0102688 0 1.81321
0.168421 0 11.9848 0.0103798 0 1.78985
0.168421 0 12.1818 0.0121894 0 1.76409
0.168421 0 12.3788 0.0145279 0 1.73259
0.168421 0 12.5758 0.0144781 0 1.69728
0.168421 0 12.7727 0.011427 0 1.66635
0.168421 0 12.9697 0.00812714 0 1.64389
0.168421 0 13.1667 0.00599796 0 1.62795
0.168421 0 13.3636 0.00503832 0 1.61555
0.168421 0 13.5606 0.00505641 0 1.60419
0.168421 0 13.7576 0.00593242 0 1.59171
0.168421 0 13.9545 0.00717052 0 1.57637
0.168421 0 14.1515 0.007358 0 1.55875
0.168421 0 14.3485 0.00590037 0 1.54287
0.168421 0 14.5455 0.00408392 0 1.53137
0.168421 0 14.7424 0.0027007 0 1.52372
0.168421 0 14.9394 0.00169979 0 1.51876
0.168421 0 15.1364 0.000825198 0 1.51589
0.168421 0 15.3333 -0.000121879 0 1.51511
0.168421 0 15.5303 -0.00098856 0 1.51666
0.168421 0 15.7273 -0.000855789 0 1.51952
0.168421 0 15.9242 0.000958511 0 1.52005
0.168421 0 16.1212 0.00384063 0 1.51477
0.168421 0 16.3182 0.00753804 0 1.50186
0.168421 0 16.5152 0.0126953 0 1.47888
0.168421 0 16.7121 0.020191 0 1.44116
0.168421 0 16.9091 0.0291214 0 1.38242
0.168421 0 17.1061 0.0294036 0 1.30456
0.168421 0 17.303 -0.00394389 0 1.25539
0.168421 0 17.5 -0.0478831 0 1.3238
0.210526 0 -2 -0.168006 0 1.32769
0.210526 0 -1.80303 -0.231877 0 1.69135
0.210526 0 -1.60606 -0.326441 0 2.19779
0.210526 0 -1.40909 -0.46705 0 2.91683
0.210526 0 -1.21212 -0.672123 0 3.95222
0.210526 0 -1.01515 -0.94993 0 5.44331
0.210526 0 -0.818182 -1.2551 0 7.5207
0.210526 0 -0.621212 -1.43036 0 10.1302
0.210526 0 -0.424242 -1.32734 0 12.8215
0.210526 0 -0.227273 -1.04939 0 15.0768
0.210526 0 -0.030303 -0.76981 0 16.7602
0.210526 0 0.166667 -0.549503 0 17.9689
0.210526 0 0.363636 -0.382862 0 18.8224
0.210526 0 0.560606 -0.252055 0 19.4047
0.210526 0 0.757576 -0.141651 0 19.7676
0.210526 0 0.954545 -0.0356278 0 19.9352
0.210526 0 1.15152 0.0807797 0 19.8987
0.210526 0 1.34848 0.209146 0 19.6305
0.210526 0 1.54545 0.33637 0 19.115
0.210526 0 1.74242 0.437582 0 18.374
0.210526 0 1.93939 0.49078 0 17.4853
0.210526 0 2.13636 0.50781 0 16.542
0.210526 0 2.33333 0.515503 0 15.5832
0.210526 0 2.5303 0.516933 0 14.6117
0.210526 0 2.72727 0.49916 0 13.6525
0.210526 0 2.92424 0.468832 0 12.746
0.210526 0 3.12121 0.444799 0 11.8953
0.210526 0 3.31818 0.4256 0 11.0795
0.210526 0 3.51515 0.395753 0 10.3053
0.210526 0 3.71212 0.356896 0 9.60085
0.210526 0 3.90909 0.325667 0 8.96745
0.210526 0 4.10606 0.304266 0 8.3795
0.210526 0 4.30303 0.278728 0 7.83062
0.210526 0 4.5 0.248541 0 7.33833
0.210526 0 4.69697 0.227369 0 6.89824
0.210526 0 4.89394 0.21528 0 6.48517
0.210526 0 5.09091 0.198355 0 6.09429
0.210526 0 5.28788 0.174643 0 5.74506
0.210526 0 5.48485 0.157331 0 5.43916
0.210526 0 5.68182 0.150097 0 5.15368
0.210526 0 5.87879 0.140217 0 4.87866
0.210526 0 6.07576 0.124177 0 4.63119
0.210526 0 6.27273 0.113658 0 4.41225
0.210526 0 6.4697 0.109677 0 4.20428
0.210526 0 6.66667 0.103141 0 4.00269
0.210526 0 6.86364 0.0909352 0 3.81985
0.210526 0 7.06061 0.0799353 0 3.66206
0.210526 0 7.25758 0.0748824 0 3.51928
0.210526 0 7.45455 0.0715522 0 3.3819
0.210526 0 7.65152 0.0678717 0 3.25249
0.210526 0 7.84848 0.0694362 0 3.12655
0.210526 0 8.04545 0.0724387 0 2.99074
0.210526 0 8.24242 0.0561681 0 2.85911
0.210526 0 8.43939 0.0229118 0 2.78799
0.210526 0 8.63636 0.0275244 0 2.76579
0.210526 0 8.83333 0.0793718 0 2.66958
0.210526 0 9.0303 0.0833204 0 2.47913
0.210526 0 9.22727 0.011389 0 2.38257
0.210526 0 9.42424 -0.00784785 0 2.4188
0.210526 0 9.62121 0.0425927 0 2.39408
0.210526 0 9.81818 0.0634073 0 2.2716
0.210526 0 10.0152 0.0391062 0 2.16683
0.210526 0 10.2121 0.0169956 0 2.12159
0.210526 0 10.4091 0.0141882 0 2.09914
0.210526 0 10.6061 0.0212718 0 2.06779
0.210526 0 10.803 0.0281936 0 2.02001
0.210526 0 11 0.0295364 0 1.96337
0.210526 0 11.197 0.0252898 0 1.91043
0.210526 0 11.3939 0.0193323 0 1.86886
0.210526 0 11.5909 0.0148726 0 1.8378
0.210526 0 11.7879 0.0127121 0 1.81301
0.210526 0 11.9848 0.0128558 0 1.7901
0.210526 0 12.1818 0.0151839 0 1.76469
0.210526 0 12.3788 0.0183188 0 1.73301
0.210526 0 12.5758 0.0183058 0 1.69681
0.210526 0 12.7727 0.0142808 0 1.66547
0.210526 0 12.9697 0.0100704 0 1.64322
0.210526 0 13.1667 0.00741476 0 1.62759
0.210526 0 13.3636 0.00622815 0 1.61544
0.210526 0 13.5606 0.00625625 0 1.6043
0.210526 0 13.7576 0.00737819 0 1.59201
0.210526 0 13.9545 0.0090254 0 1.57662
0.210526 0 14.1515 0.00930776 0 1.55857
0.210526 0 14.3485 0.00738433 0 1.54241
0.210526 0 14.5455 0.00506428 0 1.53098
0.210526 0 14.7424 0.00334177 0 1.52344
0.210526 0 14.9394 0.0021079 0 1.51855
0.210526 0 15.1364 0.00102866 0 1.51568
0.210526 0 15.3333 -0.000161492 0 1.51487
0.210526 0 15.5303 -0.00130736 0 1.51651
0.210526 0 15.7273 -0.00119371 0 1.51976
0.210526 0 15.9242 0.00112945 0 1.52065
0.210526 0 16.1212 0.00475291 0 1.51555
0.210526 0 16.3182 0.00933732 0 1.50288
0.210526 0 16.5152 0.0157339 0 1.48037
0.210526 0 16.7121 0.0251561 0 1.44328
0.210526 0 16.9091 0.0369479 0 1.38439
0.210526 0 17.1061 0.0392681 0 1.30184
0.210526 0 17.303 -0.00301902 0 1.24212
0.210526 0 17.5 -0.0634081 0 1.32042
0.252632 0 -2 -0.200108 0 1.31543
0.252632 0 -1.80303 -0.275961 0 1.67332
0.252632 0 -1.60606 -0.388277 0 2.17097
0.252632 0 -1.40909 -0.555577 0 2.87703
0.252632 0 -1.21212 -0.800867 0 3.8952
0.252632 0 -1.01515 -1.13727 0 5.37042
0.252632 0 -0.818182 -1.51568 0 7.45425
0.252632 0 -0.621212 -1.73909 0 10.1199
0.252632 0 -0.424242 -1.60614 0 12.8761
0.252632 0 -0.227273 -1.25873 0 15.1479
0.252632 0 -0.030303 -0.919045 0 16.8196
0.252632 0 0.166667 -0.655335 0 18.0136
0.252632 0 0.363636 -0.456754 0 18.8566
0.252632 0 0.560606 -0.300922 0 19.4323
0.252632 0 0.757576 -0.169644 0 19.7923
0.252632 0 0.954545 -0.0436099 0 19.9609
0.252632 0 1.15152 0.0959726 0 19.9278
0.252632 0 1.34848 0.251006 0 19.6615
0.252632 0 1.54545 0.405586 0 19.1433
0.252632 0 1.74242 0.52892 0 18.3926
0.252632 0 1.93939 0.591736 0 17.4921
0.252632 0 2.13636 0.609934 0 16.5441
0.252632 0 2.33333 0.618975 0 15.5848
0.252632 0 2.5303 0.621897 0 14.6102
0.252632 0 2.72727 0.60001 0 13.6459
0.252632 0 2.92424 0.561999 0 12.7391
0.252632 0 3.12121 0.533309 0 11.8909
0.252632 0 3.31818 0.511628 0 11.0743
0.252632 0 3.51515 0.475671 0 10.2965
0.252632 0 3.71212 0.427611 0 9.59194
0.252632 0 3.90909 0.389957 0 8.96174
0.252632 0 4.10606 0.365516 0 8.37461
0.252632 0 4.30303 0.33491 0 7.82348
0.252632 0 4.5 0.297483 0 7.33177
0.252632 0 4.69697 0.272071 0 6.89484
0.252632 0 4.89394 0.258773 0 6.48239
0.252632 0 5.09091 0.238628 0 6.08905
0.252632 0 5.28788 0.209029 0 5.73963
0.252632 0 5.48485 0.187937 0 5.43658
0.252632 0 5.68182 0.180366 0 5.1524
0.252632 0 5.87879 0.168825 0 4.87515
0.252632 0 6.07576 0.148516 0 4.62762
0.252632 0 6.27273 0.13584 0 4.41087
0.252632 0 6.4697 0.131841 0 4.20347
0.252632 0 6.66667 0.124252 0 4.00033
0.252632 0 6.86364 0.109013 0 3.81671
0.252632 0 7.06061 0.0954197 0 3.66018
0.252632 0 7.25758 0.0897348 0 3.51863
0.252632 0 7.45455 0.0859469 0 3.38089
0.252632 0 7.65152 0.0809982 0 3.25202
0.252632 0 7.84848 0.0831083 0 3.12771
0.252632 0 8.04545 0.0884466 0 2.99032
0.252632 0 8.24242 0.0690469 0 2.85162
0.252632 0 8.43939 0.0244299 0 2.78176
0.252632 0 8.63636 0.0287979 0 2.77489
0.252632 0 8.83333 0.0991275 0 2.68159
0.252632 0 9.0303 0.106858 0 2.46736
0.252632 0 9.22727 0.00883661 0 2.36572
0.252632 0 9.42424 -0.0153026 0 2.42676
0.252632 0 9.62121 0.0539318 0 2.40621
0.252632 0 9.81818 0.0797849 0 2.26918
0.252632 0 10.0152 0.0465331 0 2.1595
0.252632 0 10.2121 0.0188188 0 2.11883
0.252632 0 10.4091 0.0162956 0 2.10021
0.252632 0 10.6061 0.0255511 0 2.06981
0.252632 0 10.803 0.0342754 0 2.0211
0.252632 0 11 0.0358824 0 1.96291
0.252632 0 11.197 0.0304649 0 1.90902
0.252632 0 11.3939 0.0230692 0 1.86755
0.252632 0 11.5909 0.0176669 0 1.83701
0.252632 0 11.7879 0.0150767 0 1.81278
0.252632 0 11.9848 0.0152535 0 1.79041
0.252632 0 12.1818 0.0181372 0 1.76546
0.252632 0 12.3788 0.0222292 0 1.73358
0.252632 0 12.5758 0.0222951 0 1.69619
0.252632 0 12.7727 0.0171268 0 1.66434
0.252632 0 12.9697 0.0119546 0 1.64239
0.252632 0 13.1667 0.00878128 0 1.62715
0.252632 0 13.3636 0.00737712 0 1.61531
0.252632 0 13.5606 0.00741754 0 1.60444
0.252632 0 13.7576 0.00879961 0 1.59239
0.252632 0 13.9545 0.0109295 0 1.57696
0.252632 0 14.1515 0.0113478 0 1.55832
0.252632 0 14.3485 0.0088753 0 1.54183
0.252632 0 14.5455 0.00602042 0 1.5305
0.252632 0 14.7424 0.00396565 0 1.52311
0.252632 0 14.9394 0.00251092 0 1.51829
0.252632 0 15.1364 0.00123705 0 1.51542
0.252632 0 15.3333 -0.000198125 0 1.51457
0.252632 0 15.5303 -0.00166849 0 1.51631
0.252632 0 15.7273 -0.0016185 0 1.52006
0.252632 0 15.9242 0.00126049 0 1.5214
0.252632 0 16.1212 0.0056366 0 1.5165
0.252632 0 16.3182 0.011076 0 1.50412
0.252632 0 16.5152 0.018665 0 1.48218
0.252632 0 16.7121 0.0300083 0 1.44592
0.252632 0 16.9091 0.0449868 0 1.38712
0.252632 0 17.1061 0.0507489 0 1.29915
0.252632 0 17.303 -0.000521823 0 1.22438
0.252632 0 17.5 -0.0837089 0 1.31703
0.294737 0 -2 -0.23141 0 1.3011
0.294737 0 -1.80303 -0.318818 0 1.65226
0.294737 0 -1.60606 -0.448251 0 2.13961
0.294737 0 -1.40909 -0.641411 0 2.83036
0.294737 0 -1.21212 -0.926288 0 3.82776
0.294737 0 -1.01515 -1.32256 0 5.28256
0.294737 0 -0.818182 -1.78121 0 7.37133
0.294737 0 -0.621212 -2.06198 0 10.1067
0.294737 0 -0.424242 -1.89237 0 12.9452
0.294737 0 -0.227273 -1.4671 0 15.2341
0.294737 0 -0.030303 -1.06541 0 16.8898
0.294737 0 0.166667 -0.758917 0 18.066
0.294737 0 0.363636 -0.529206 0 18.8967
0.294737 0 0.560606 -0.348941 0 19.4648
0.294737 0 0.757576 -0.197444 0 19.821
0.294737 0 0.954545 -0.0521378 0 19.991
0.294737 0 1.15152 0.110574 0 19.9624
0.294737 0 1.34848 0.292823 0 19.6984
0.294737 0 1.54545 0.475844 0 19.1773
0.294737 0 1.74242 0.622562 0 18.4148
0.294737 0 1.93939 0.694299 0 17.4996
0.294737 0 2.13636 0.712218 0 16.5461
0.294737 0 2.33333 0.722546 0 15.587
0.294737 0 2.5303 0.72786 0 14.6086
0.294737 0 2.72727 0.701492 0 13.6376
0.294737 0 2.92424 0.65471 0 12.7306
0.294737 0 3.12121 0.621483 0 11.886
0.294737 0 3.31818 0.598266 0 11.0685
0.294737 0 3.51515 0.556103 0 10.2858
0.294737 0 3.71212 0.497872 0 9.58112
0.294737 0 3.90909 0.453681 0 8.95521
0.294737 0 4.10606 0.427078 0 8.36913
0.294737 0 4.30303 0.391424 0 7.81477
0.294737 0 4.5 0.345917 0 7.3238
0.294737 0 4.69697 0.316264 0 6.89104
0.294737 0 4.89394 0.302581 0 6.47939
0.294737 0 5.09091 0.279328 0 6.08263
0.294737 0 5.28788 0.243056 0 5.73295
0.294737 0 5.48485 0.217971 0 5.43366
0.294737 0 5.68182 0.210827 0 5.15124
0.294737 0 5.87879 0.197852 0 4.87077
0.294737 0 6.07576 0.172505 0 4.62321
0.294737 0 6.27273 0.157666 0 4.4094
0.294737 0 6.4697 0.154171 0 4.2027
0.294737 0 6.66667 0.145689 0 3.99748
0.294737 0 6.86364 0.127016 0 3.81282
0.294737 0 7.06061 0.110576 0 3.65796
0.294737 0 7.25758 0.104528 0 3.51801
0.294737 0 7.45455 0.100453 0 3.37959
0.294737 0 7.65152 0.0938274 0 3.25137
0.294737 0 7.84848 0.0965559 0 3.12933
0.294737 0 8.04545 0.10536 0 2.99038
0.294737 0 8.24242 0.083215 0 2.84205
0.294737 0 8.43939 0.0240554 0 2.77307
0.294737 0 8.63636 0.0270557 0 2.7867
0.294737 0 8.83333 0.12129 0 2.69833
0.294737 0 9.0303 0.13538 0 2.45174
0.294737 0 9.22727 0.00274181 0 2.34294
0.294737 0 9.42424 -0.0266275 0 2.43824
0.294737 0 9.62121 0.0674302 0 2.42219
0.294737 0 9.81818 0.0985007 0 2.26532
0.294737 0 10.0152 0.0535116 0 2.15005
0.294737 0 10.2121 0.0196562 0 2.11568
0.294737 0 10.4091 0.0180248 0 2.10171
0.294737 0 10.6061 0.0298639 0 2.07235
0.294737 0 10.803 0.0406308 0 2.02244
0.294737 0 11 0.0424939 0 1.96232
0.294737 0 11.197 0.0356978 0 1.90725
0.294737 0 11.3939 0.0267247 0 1.86598
0.294737 0 11.5909 0.0203627 0 1.83609
0.294737 0 11.7879 0.0173473 0 1.8125
0.294737 0 11.9848 0.0175547 0 1.79077
0.294737 0 12.1818 0.0210293 0 1.76642
0.294737 0 12.3788 0.0262919 0 1.73437
0.294737 0 12.5758 0.0264994 0 1.69538
0.294737 0 12.7727 0.0199509 0 1.66294
0.294737 0 12.9697 0.0137633 0 1.64142
0.294737 0 13.1667 0.0100876 0 1.62665
0.294737 0 13.3636 0.00847773 0 1.61516
0.294737 0 13.5606 0.00853179 0 1.60461
0.294737 0 13.7576 0.0101865 0 1.59286
0.294737 0 13.9545 0.0128939 0 1.57742
0.294737 0 14.1515 0.0135095 0 1.558
0.294737 0 14.3485 0.0103686 0 1.5411
0.294737 0 14.5455 0.00694452 0 1.52992
0.294737 0 14.7424 0.00456859 0 1.52272
0.294737 0 14.9394 0.00290798 0 1.51799
0.294737 0 15.1364 0.00145221 0 1.51512
0.294737 0 15.3333 -0.000227485 0 1.5142
0.294737 0 15.5303 -0.00207913 0 1.51603
0.294737 0 15.7273 -0.00215781 0 1.52041
0.294737 0 15.9242 0.00134801 0 1.52232
0.294737 0 16.1212 0.00648939 0 1.51761
0.294737 0 16.3182 0.0127431 0 1.50556
0.294737 0 16.5152 0.021464 0 1.4843
0.294737 0 16.7121 0.0346997 0 1.4491
0.294737 0 16.9091 0.0531864 0 1.39076
0.294737 0 17.1061 0.064204 0 1.297
0.294737 0 17.303 0.00478141 0 1.20111
0.294737 0 17.5 -0.112207 0 1.31414
0.336842 0 -2 -0.261793 0 1.28478
0.336842 0 -1.80303 -0.360263 0 1.62828
0.336842 0 -1.60606 -0.50607 0 2.1039
0.336842 0 -1.40909 -0.724085 0 2.77701
0.336842 0 -1.21212 -1.04766 0 3.74997
0.336842 0 -1.01515 -1.50489 0 5.179
0.336842 0 -0.818182 -2.05215 0 7.26934
0.336842 0 -0.621212 -2.40326 0 10.0902
0.336842 0 -0.424242 -2.18724 0 13.0315
0.336842 0 -0.227273 -1.67368 0 15.3364
0.336842 0 -0.030303 -1.2082 0 16.971
0.336842 0 0.166667 -0.85986 0 18.1259
0.336842 0 0.363636 -0.6 0 18.9425
0.336842 0 0.560606 -0.395963 0 19.5018
0.336842 0 0.757576 -0.225005 0 19.8538
0.336842 0 0.954545 -0.0613783 0 20.0254
0.336842 0 1.15152 0.124435 0 20.0024
0.336842 0 1.34848 0.33454 0 19.7415
0.336842 0 1.54545 0.547286 0 19.2173
0.336842 0 1.74242 0.719104 0 18.4407
0.336842 0 1.93939 0.798802 0 17.5072
0.336842 0 2.13636 0.814546 0 16.5479
0.336842 0 2.33333 0.826127 0 15.5899
0.336842 0 2.5303 0.835128 0 14.6072
0.336842 0 2.72727 0.803781 0 13.6273
0.336842 0 2.92424 0.746764 0 12.7204
0.336842 0 3.12121 0.709179 0 11.8808
0.336842 0 3.31818 0.685725 0 11.0621
0.336842 0 3.51515 0.637226 0 10.273
0.336842 0 3.71212 0.567513 0 9.56819
0.336842 0 3.90909 0.516639 0 8.94799
0.336842 0 4.10606 0.489092 0 8.36327
0.336842 0 4.30303 0.448414 0 7.80429
0.336842 0 4.5 0.393671 0 7.31427
0.336842 0 4.69697 0.359776 0 6.88699
0.336842 0 4.89394 0.346835 0 6.47638
0.336842 0 5.09091 0.32062 0 6.07489
0.336842 0 5.28788 0.276604 0 5.72484
0.336842 0 5.48485 0.247241 0 5.43046
0.336842 0 5.68182 0.241557 0 5.15045
0.336842 0 5.87879 0.227475 0 4.86534
0.336842 0 6.07576 0.196 0 4.61784
0.336842 0 6.27273 0.179023 0 4.40791
0.336842 0 6.4697 0.176737 0 4.20209
0.336842 0 6.66667 0.167565 0 3.99408
0.336842 0 6.86364 0.144911 0 3.80806
0.336842 0 7.06061 0.125299 0 3.65539
0.336842 0 7.25758 0.119255 0 3.51756
0.336842 0 7.45455 0.115157 0 3.37793
0.336842 0 7.65152 0.106259 0 3.25046
0.336842 0 7.84848 0.109641 0 3.13151
0.336842 0 8.04545 0.123363 0 2.99133
0.336842 0 8.24242 0.0992873 0 2.82998
0.336842 0 8.43939 0.0212935 0 2.76104
0.336842 0 8.63636 0.0210994 0 2.8018
0.336842 0 8.83333 0.146459 0 2.72151
0.336842 0 9.0303 0.171015 0 2.43118
0.336842 0 9.22727 -0.00844745 0 2.31222
0.336842 0 9.42424 -0.0430375 0 2.45479
0.336842 0 9.62121 0.0840617 0 2.44301
0.336842 0 9.81818 0.120211 0 2.25928
0.336842 0 10.0152 0.05973 0 2.13806
0.336842 0 10.2121 0.0192371 0 2.11227
0.336842 0 10.4091 0.0193383 0 2.10377
0.336842 0 10.6061 0.0342271 0 2.07549
0.336842 0 10.803 0.0473337 0 2.02404
0.336842 0 11 0.0494395 0 1.96159
0.336842 0 11.197 0.0409879 0 1.90508
0.336842 0 11.3939 0.0302736 0 1.86413
0.336842 0 11.5909 0.0229417 0 1.83502
0.336842 0 11.7879 0.0195089 0 1.81218
0.336842 0 11.9848 0.0197403 0 1.79119
0.336842 0 12.1818 0.0238322 0 1.7676
0.336842 0 12.3788 0.0305432 0 1.73543
0.336842 0 12.5758 0.0309876 0 1.69432
0.336842 0 12.7727 0.022729 0 1.66124
0.336842 0 12.9697 0.0154784 0 1.64029
0.336842 0 13.1667 0.011324 0 1.62607
0.336842 0 13.3636 0.00952294 0 1.61499
0.336842 0 13.5606 0.00959031 0 1.60481
0.336842 0 13.7576 0.0115253 0 1.59342
0.336842 0 13.9545 0.0149289 0 1.57802
0.336842 0 14.1515 0.0158349 0 1.5576
0.336842 0 14.3485 0.0118541 0 1.5402
0.336842 0 14.5455 0.00782735 0 1.52926
0.336842 0 14.7424 0.00514678 0 1.52229
0.336842 0 14.9394 0.0032983 0 1.51766
0.336842 0 15.1364 0.00167632 0 1.51478
0.336842 0 15.3333 -0.000243113 0 1.51377
0.336842 0 15.5303 -0.00254413 0 1.51565
0.336842 0 15.7273 -0.00284816 0 1.52084
0.336842 0 15.9242 0.00139246 0 1.5234
0.336842 0 16.1212 0.00731081 0 1.51888
0.336842 0 16.3182 0.0143283 0 1.50718
0.336842 0 16.5152 0.0241058 0 1.48671
0.336842 0 16.7121 0.0391725 0 1.45281
0.336842 0 16.9091 0.0614384 0 1.39549
0.336842 0 17.1061 0.0799293 0 1.29612
0.336842 0 17.303 0.0150075 0 1.1712
0.336842 0 17.5 -0.155714 0 1.31243
0.378947 0 -2 -0.291144 0 1.26655
0.378947 0 -1.80303 -0.400124 0 1.60153
0.378947 0 -1.60606 -0.561455 0 2.06402
0.378947 0 -1.40909 -0.803134 0 2.71725
0.378947 0 -1.21212 -1.1642 0 3.66196
0.378947 0 -1.01515 -1.68311 0 5.05899
0.378947 0 -0.818182 -2.32851 0 7.14492
0.378947 0 -0.621212 -2.76854 0 10.0692
0.378947 0 -0.424242 -2.49178 0 13.1388
0.378947 0 -0.227273 -1.87732 0 15.456
0.378947 0 -0.030303 -1.34663 0 17.063
0.378947 0 0.166667 -0.957781 0 18.1932
0.378947 0 0.363636 -0.668933 0 18.9939
0.378947 0 0.560606 -0.441837 0 19.5434
0.378947 0 0.757576 -0.252267 0 19.8903
0.378947 0 0.954545 -0.071547 0 20.064
0.378947 0 1.15152 0.137385 0 20.0481
0.378947 0 1.34848 0.376073 0 19.7909
0.378947 0 1.54545 0.620021 0 19.2638
0.378947 0 1.74242 0.819281 0 18.4707
0.378947 0 1.93939 0.9056 0 17.5145
0.378947 0 2.13636 0.916727 0 16.5492
0.378947 0 2.33333 0.929566 0 15.5938
0.378947 0 2.5303 0.944099 0 14.606
0.378947 0 2.72727 0.90709 0 13.6147
0.378947 0 2.92424 0.837887 0 12.7084
0.378947 0 3.12121 0.796197 0 11.8756
0.378947 0 3.31818 0.77429 0 11.0554
0.378947 0 3.51515 0.719272 0 10.2577
0.378947 0 3.71212 0.636313 0 9.55292
0.378947 0 3.90909 0.578568 0 8.94027
0.378947 0 4.10606 0.55176 0 8.35733
0.378947 0 4.30303 0.506079 0 7.79175
0.378947 0 4.5 0.440517 0 7.303
0.378947 0 4.69697 0.402382 0 6.88285
0.378947 0 4.89394 0.391707 0 6.47362
0.378947 0 5.09091 0.36273 0 6.06561
0.378947 0 5.28788 0.309511 0 5.71511
0.378947 0 5.48485 0.275498 0 5.42707
0.378947 0 5.68182 0.272648 0 5.15042
0.378947 0 5.87879 0.257946 0 4.85855
0.378947 0 6.07576 0.218807 0 4.6114
0.378947 0 6.27273 0.199767 0 4.40654
0.378947 0 6.4697 0.199636 0 4.20179
0.378947 0 6.66667 0.190028 0 3.9901
0.378947 0 6.86364 0.162651 0 3.80228
0.378947 0 7.06061 0.139456 0 3.65249
0.378947 0 7.25758 0.133898 0 3.51744
0.378947 0 7.45455 0.130198 0 3.37578
0.378947 0 7.65152 0.118164 0 3.24921
0.378947 0 7.84848 0.122174 0 3.13439
0.378947 0 8.04545 0.142606 0 2.99378
0.378947 0 8.24242 0.118163 0 2.81483
0.378947 0 8.43939 0.0155893 0 2.74445
0.378947 0 8.63636 0.00927771 0 2.82093
0.378947 0 8.83333 0.175232 0 2.75352
0.378947 0 9.0303 0.216866 0 2.40417
0.378947 0 9.22727 -0.0269907 0 2.2707
0.378947 0 9.42424 -0.0659773 0 2.47867
0.378947 0 9.62121 0.105188 0 2.47001
0.378947 0 9.81818 0.145675 0 2.24992
0.378947 0 10.0152 0.0647233 0 2.12301
0.378947 0 10.2121 0.0172425 0 2.10879
0.378947 0 10.4091 0.0202218 0 2.10654
0.378947 0 10.6061 0.0386566 0 2.07931
0.378947 0 10.803 0.0544792 0 2.02592
0.378947 0 11 0.0568083 0 1.96068
0.378947 0 11.197 0.046324 0 1.90243
0.378947 0 11.3939 0.0336854 0 1.86199
0.378947 0 11.5909 0.0253853 0 1.83381
0.378947 0 11.7879 0.0215474 0 1.81182
0.378947 0 11.9848 0.0217908 0 1.79167
0.378947 0 12.1818 0.0265078 0 1.769
0.378947 0 12.3788 0.0350191 0 1.73689
0.378947 0 12.5758 0.0358505 0 1.69292
0.378947 0 12.7727 0.0254227 0 1.6592
0.378947 0 12.9697 0.0170796 0 1.63902
0.378947 0 13.1667 0.0124816 0 1.62543
0.378947 0 13.3636 0.0105064 0 1.6148
0.378947 0 13.5606 0.0105844 0 1.60503
0.378947 0 13.7576 0.0127983 0 1.59409
0.378947 0 13.9545 0.0170402 0 1.57883
0.378947 0 14.1515 0.0183828 0 1.55706
0.378947 0 14.3485 0.0133138 0 1.53912
0.378947 0 14.5455 0.00865835 0 1.52851
0.378947 0 14.7424 0.00569649 0 1.5218
0.378947 0 14.9394 0.00368116 0 1.51729
0.378947 0 15.1364 0.00191176 0 1.5144
0.378947 0 15.3333 -0.000236069 0 1.51327
0.378947 0 15.5303 -0.00306317 0 1.51514
0.378947 0 15.7273 -0.00374085 0 1.52135
0.378947 0 15.9242 0.0014008 0 1.52468
0.378947 0 16.1212 0.00810235 0 1.52029
0.378947 0 16.3182 0.0158225 0 1.50899
0.378947 0 16.5152 0.0265655 0 1.4894
0.378947 0 16.7121 0.0433604 0 1.45705
0.378947 0 16.9091 0.0695686 0 1.40147
0.378947 0 17.1061 0.0980533 0 1.29754
0.378947 0 17.303 0.0335518 0 1.13387
0.378947 0 17.5 -0.229861 0 1.31245
0.421053 0 -2 -0.31936 0 1.24652
0.421053 0 -1.80303 -0.438235 0 1.57216
0.421053 0 -1.60606 -0.614139 0 2.02023
0.421053 0 -1.40909 -0.878098 0 2.65139
0.421053 0 -1.21212 -1.27507 0 3.56396
0.421053 0 -1.01515 -1.85574 0 4.92187
0.421053 0 -0.818182 -2.60959 0 6.99387
0.421053 0 -0.621212 -3.16569 0 10.042
0.421053 0 -0.424242 -2.80641 0 13.2725
0.421053 0 -0.227273 -2.07644 0 15.5939
0.421053 0 -0.030303 -1.47981 0 17.1655
0.421053 0 0.166667 -1.05232 0 18.2673
0.421053 0 0.363636 -0.735823 0 19.0507
0.421053 0 0.560606 -0.486403 0 19.5893
0.421053 0 0.757576 -0.279142 0 19.9302
0.421053 0 0.954545 -0.0829321 0 20.1066
0.421053 0 1.15152 0.14925 0 20.0996
0.421053 0 1.34848 0.417313 0 19.8469
0.421053 0 1.54545 0.694097 0 19.3173
0.421053 0 1.74242 0.924029 0 18.505
0.421053 0 1.93939 1.01506 0 17.5206
0.421053 0 2.13636 1.01846 0 16.5497
0.421053 0 2.33333 1.03262 0 15.599
0.421053 0 2.5303 1.0553 0 14.6056
0.421053 0 2.72727 1.01167 0 13.5991
0.421053 0 2.92424 0.927705 0 12.6942
0.421053 0 3.12121 0.882262 0 11.8707
0.421053 0 3.31818 0.864343 0 11.0488
0.421053 0 3.51515 0.802548 0 10.2397
0.421053 0 3.71212 0.703979 0 9.535
0.421053 0 3.90909 0.639116 0 8.93227
0.421053 0 4.10606 0.615361 0 8.35177
0.421053 0 4.30303 0.564686 0 7.77673
0.421053 0 4.5 0.486154 0 7.28977
0.421053 0 4.69697 0.443787 0 6.87887
0.421053 0 4.89394 0.437437 0 6.47151
0.421053 0 5.09091 0.405967 0 6.05447
0.421053 0 5.28788 0.341561 0 5.70349
0.421053 0 5.48485 0.302431 0 5.42358
0.421053 0 5.68182 0.304189 0 5.15173
0.421053 0 5.87879 0.289611 0 4.84991
0.421053 0 6.07576 0.240655 0 4.60374
0.421053 0 6.27273 0.219717 0 4.40545
0.421053 0 6.4697 0.223017 0 4.20202
0.421053 0 6.66667 0.213281 0 3.98546
0.421053 0 6.86364 0.180161 0 3.79527
0.421053 0 7.06061 0.152884 0 3.64925
0.421053 0 7.25758 0.148412 0 3.5179
0.421053 0 7.45455 0.1458 0 3.37294
0.421053 0 7.65152 0.129372 0 3.24749
0.421053 0 7.84848 0.133905 0 3.13806
0.421053 0 8.04545 0.163125 0 2.9986
0.421053 0 8.24242 0.141177 0 2.7958
0.421053 0 8.43939 0.00637039 0 2.72169
0.421053 0 8.63636 -0.0107118 0 2.84507
0.421053 0 8.83333 0.208055 0 2.79757
0.421053 0 9.0303 0.277562 0 2.36861
0.421053 0 9.22727 -0.0561844 0 2.21411
0.421053 0 9.42424 -0.0970035 0 2.51325
0.421053 0 9.62121 0.132673 0 2.505
0.421053 0 9.81818 0.175712 0 2.23552
0.421053 0 10.0152 0.0678209 0 2.10434
0.421053 0 10.2121 0.0133013 0 2.10558
0.421053 0 10.4091 0.0206975 0 2.11017
0.421053 0 10.6061 0.0431593 0 2.08393
0.421053 0 10.803 0.0622049 0 2.02805
0.421053 0 11 0.0647317 0 1.9596
0.421053 0 11.197 0.0516769 0 1.89921
0.421053 0 11.3939 0.0369234 0 1.85955
0.421053 0 11.5909 0.0276752 0 1.83247
0.421053 0 11.7879 0.0234499 0 1.81141
0.421053 0 11.9848 0.0236868 0 1.7922
0.421053 0 12.1818 0.0290061 0 1.77065
0.421053 0 12.3788 0.039744 0 1.73891
0.421053 0 12.5758 0.0412077 0 1.69101
0.421053 0 12.7727 0.0279741 0 1.65679
0.421053 0 12.9697 0.018546 0 1.63761
0.421053 0 13.1667 0.0135521 0 1.62473
0.421053 0 13.3636 0.0114224 0 1.6146
0.421053 0 13.5606 0.0115058 0 1.60527
0.421053 0 13.7576 0.0139835 0 1.59487
0.421053 0 13.9545 0.0192217 0 1.57992
0.421053 0 14.1515 0.0212394 0 1.55632
0.421053 0 14.3485 0.0147176 0 1.53782
0.421053 0 14.5455 0.00942594 0 1.52768
0.421053 0 14.7424 0.00621423 0 1.52128
0.421053 0 14.9394 0.00405593 0 1.5169
0.421053 0 15.1364 0.002161 0 1.51398
0.421053 0 15.3333 -0.000194897 0 1.51269
0.421053 0 15.5303 -0.00362526 0 1.51445
0.421053 0 15.7273 -0.00491328 0 1.52197
0.421053 0 15.9242 0.00139017 0 1.52617
0.421053 0 16.1212 0.00886733 0 1.52185
0.421053 0 16.3182 0.0172173 0 1.51094
0.421053 0 16.5152 0.0288193 0 1.49234
0.421053 0 16.7121 0.047192 0 1.4618
0.421053 0 16.9091 0.0773352 0 1.4088
0.421053 0 17.1061 0.118366 0 1.3026
0.421053 0 17.303 0.0653289 0 1.08946
0.421053 0 17.5 -0.388876 0 1.31383
0.463158 0 -2 -0.346344 0 1.2248
0.463158 0 -1.80303 -0.474447 0 1.54033
0.463158 0 -1.60606 -0.663874 0 1.97278
0.463158 0 -1.40909 -0.948533 0 2.57979
0.463158 0 -1.21212 -1.37938 0 3.45632
0.463158 0 -1.01515 -2.02097 0 4.76716
0.463158 0 -0.818182 -2.89347 0 6.8112
0.463158 0 -0.621212 -3.60645 0 10.0055
0.463158 0 -0.424242 -3.13039 0 13.4392
0.463158 0 -0.227273 -2.26899 0 15.751
0.463158 0 -0.030303 -1.6068 0 17.2782
0.463158 0 0.166667 -1.14313 0 18.3479
0.463158 0 0.363636 -0.800514 0 19.1127
0.463158 0 0.560606 -0.529496 0 19.6393
0.463158 0 0.757576 -0.305503 0 19.9734
0.463158 0 0.954545 -0.0959339 0 20.1527
0.463158 0 1.15152 0.159863 0 20.1571
0.463158 0 1.34848 0.458113 0 19.9097
0.463158 0 1.54545 0.76947 0 19.3784
0.463158 0 1.74242 1.03457 0 18.5444
0.463158 0 1.93939 1.12749 0 17.5245
0.463158 0 2.13636 1.11934 0 16.5491
0.463158 0 2.33333 1.13491 0 15.6059
0.463158 0 2.5303 1.16946 0 14.6066
0.463158 0 2.72727 1.1178 0 13.5797
0.463158 0 2.92424 1.01572 0 12.6776
0.463158 0 3.12121 0.966989 0 11.8666
0.463158 0 3.31818 0.956412 0 11.0428
0.463158 0 3.51515 0.887468 0 10.2182
0.463158 0 3.71212 0.770112 0 9.51405
0.463158 0 3.90909 0.697812 0 8.92426
0.463158 0 4.10606 0.680275 0 8.34724
0.463158 0 4.30303 0.624588 0 7.75858
0.463158 0 4.5 0.530184 0 7.27431
0.463158 0 4.69697 0.4836 0 6.8753
0.463158 0 4.89394 0.484353 0 6.47062
0.463158 0 5.09091 0.450758 0 6.04102
0.463158 0 5.28788 0.372456 0 5.68967
0.463158 0 5.48485 0.327651 0 5.42003
0.463158 0 5.68182 0.33619 0 5.15526
0.463158 0 5.87879 0.322929 0 4.83854
0.463158 0 6.07576 0.261182 0 4.59473
0.463158 0 6.27273 0.238639 0 4.40481
0.463158 0 6.4697 0.247117 0 4.20308
0.463158 0 6.66667 0.23761 0 3.98016
0.463158 0 6.86364 0.197315 0 3.78679
0.463158 0 7.06061 0.165388 0 3.64566
0.463158 0 7.25758 0.162676 0 3.51933
0.463158 0 7.45455 0.162315 0 3.369
0.463158 0 7.65152 0.139667 0 3.24519
0.463158 0 7.84848 0.144529 0 3.14256
0.463158 0 8.04545 0.184671 0 3.00698
0.463158 0 8.24242 0.17035 0 2.77158
0.463158 0 8.43939 -0.00682382 0 2.69067
0.463158 0 8.63636 -0.0421495 0 2.87565
0.463158 0 8.83333 0.244876 0 2.85784
0.463158 0 9.0303 0.360247 0 2.32128
0.463158 0 9.22727 -0.100718 0 2.13588
0.463158 0 9.42424 -0.137342 0 2.56349
0.463158 0 9.62121 0.168949 0 2.55061
0.463158 0 9.81818 0.211029 0 2.21348
0.463158 0 10.0152 0.0680847 0 2.08141
0.463158 0 10.2121 0.0069854 0 2.10316
0.463158 0 10.4091 0.0208392 0 2.11482
0.463158 0 10.6061 0.047718 0 2.08947
0.463158 0 10.803 0.0707515 0 2.0304
0.463158 0 11 0.0734461 0 1.95838
0.463158 0 11.197 0.0569852 0 1.8953
0.463158 0 11.3939 0.0399447 0 1.85681
0.463158 0 11.5909 0.0297934 0 1.83101
0.463158 0 11.7879 0.0252047 0 1.81096
0.463158 0 11.9848 0.02541 0 1.79277
0.463158 0 12.1818 0.0312653 0 1.77255
0.463158 0 12.3788 0.0446972 0 1.74175
0.463158 0 12.5758 0.0472072 0 1.68828
0.463158 0 12.7727 0.0303024 0 1.65398
0.463158 0 12.9697 0.0198566 0 1.63608
0.463158 0 13.1667 0.0145285 0 1.62399
0.463158 0 13.3636 0.0122663 0 1.61438
0.463158 0 13.5606 0.0123467 0 1.60554
0.463158 0 13.7576 0.0150548 0 1.59576
0.463158 0 13.9545 0.0214381 0 1.5814
0.463158 0 14.1515 0.0245349 0 1.55526
0.463158 0 14.3485 0.0160199 0 1.53629
0.463158 0 14.5455 0.0101182 0 1.52677
0.463158 0 14.7424 0.00669686 0 1.52072
0.463158 0 14.9394 0.00442203 0 1.51648
0.463158 0 15.1364 0.00242635 0 1.51354
0.463158 0 15.3333 -0.000106098 0 1.51205
0.463158 0 15.5303 -0.00419842 0 1.51352
0.463158 0 15.7273 -0.00649271 0 1.52274
0.463158 0 15.9242 0.00139254 0 1.52789
0.463158 0 16.1212 0.00961048 0 1.52354
0.463158 0 16.3182 0.0185057 0 1.51304
0.463158 0 16.5152 0.0308458 0 1.49549
0.463158 0 16.7121 0.0505955 0 1.46701
0.463158 0 16.9091 0.0844382 0 1.41753
0.463158 0 17.1061 0.140072 0 1.31283
0.463158 0 17.303 0.1167 0 1.04012
0.463158 0 17.5 -0.660889 0 1.00192
0.505263 0 -2 -0.372008 0 1.2015
0.505263 0 -1.80303 -0.508625 0 1.50625
0.505263 0 -1.60606 -0.710434 0 1.92196
0.505263 0 -1.40909 -1.01401 0 2.50289
0.505263 0 -1.21212 -1.47624 0 3.33955
0.505263 0 -1.01515 -2.1767 0 4.59473
0.505263 0 -0.818182 -3.17635 0 6.5914
0.505263 0 -0.621212 -4.11008 0 9.95336
0.505263 0 -0.424242 -3.46067 0 13.6474
0.505263 0 -0.227273 -2.4524 0 15.9278
0.505263 0 -0.030303 -1.72661 0 17.4004
0.505263 0 0.166667 -1.22993 0 18.4346
0.505263 0 0.363636 -0.862884 0 19.1797
0.505263 0 0.560606 -0.570942 0 19.6935
0.505263 0 0.757576 -0.331165 0 20.0194
0.505263 0 0.954545 -0.111133 0 20.2018
0.505263 0 1.15152 0.169119 0 20.2208
0.505263 0 1.34848 0.498293 0 19.9793
0.505263 0 1.54545 0.845973 0 19.4478
0.505263 0 1.74242 1.15252 0 18.5903
0.505263 0 1.93939 1.24305 0 17.5246
0.505263 0 2.13636 1.21878 0 16.5469
0.505263 0 2.33333 1.23592 0 15.6149
0.505263 0 2.5303 1.28755 0 14.6099
0.505263 0 2.72727 1.22573 0 13.5553
0.505263 0 2.92424 1.10129 0 12.6583
0.505263 0 3.12121 1.04984 0 11.8639
0.505263 0 3.31818 1.05125 0 11.0379
0.505263 0 3.51515 0.974591 0 10.1925
0.505263 0 3.71212 0.834185 0 9.4896
0.505263 0 3.90909 0.754037 0 8.91659
0.505263 0 4.10606 0.746994 0 8.34483
0.505263 0 4.30303 0.68621 0 7.73629
0.505263 0 4.5 0.572089 0 7.25632
0.505263 0 4.69697 0.521312 0 6.87244
0.505263 0 4.89394 0.532915 0 6.47181
0.505263 0 5.09091 0.497718 0 6.02452
0.505263 0 5.28788 0.401791 0 5.67332
0.505263 0 5.48485 0.350705 0 5.41648
0.505263 0 5.68182 0.368385 0 5.16237
0.505263 0 5.87879 0.358386 0 4.82281
0.505263 0 6.07576 0.279928 0 4.58429
0.505263 0 6.27273 0.256239 0 4.40486
0.505263 0 6.4697 0.272339 0 4.20546
0.505263 0 6.66667 0.263511 0 3.97435
0.505263 0 6.86364 0.2139 0 3.77652
0.505263 0 7.06061 0.176745 0 3.6417
0.505263 0 7.25758 0.176397 0 3.52221
0.505263 0 7.45455 0.180284 0 3.36314
0.505263 0 7.65152 0.14878 0 3.24221
0.505263 0 7.84848 0.153703 0 3.14789
0.505263 0 8.04545 0.206391 0 3.02045
0.505263 0 8.24242 0.208846 0 2.73959
0.505263 0 8.43939 -0.0240354 0 2.64889
0.505263 0 8.63636 -0.0899023 0 2.91515
0.505263 0 8.83333 0.28448 0 2.93929
0.505263 0 9.0303 0.476516 0 2.25636
0.505263 0 9.22727 -0.166561 0 2.02507
0.505263 0 9.42424 -0.186636 0 2.63647
0.505263 0 9.62121 0.216851 0 2.61113
0.505263 0 9.81818 0.251716 0 2.17988
0.505263 0 10.0152 0.0642194 0 2.0535
0.505263 0 10.2121 -0.00219081 0 2.1024
0.505263 0 10.4091 0.0207871 0 2.12062
0.505263 0 10.6061 0.0522674 0 2.09603
0.505263 0 10.803 0.0806555 0 2.03284
0.505263 0 11 0.0834797 0 1.95707
0.505263 0 11.197 0.0621358 0 1.8906
0.505263 0 11.3939 0.0427022 0 1.85379
0.505263 0 11.5909 0.0317236 0 1.82943
0.505263 0 11.7879 0.0268024 0 1.81048
0.505263 0 11.9848 0.0269449 0 1.79336
0.505263 0 12.1818 0.0332151 0 1.77468
0.505263 0 12.3788 0.0497252 0 1.74582
0.505263 0 12.5758 0.0539781 0 1.68416
0.505263 0 12.7727 0.0323047 0 1.65078
0.505263 0 12.9697 0.0209928 0 1.63445
0.505263 0 13.1667 0.0154054 0 1.62321
0.505263 0 13.3636 0.0130347 0 1.61415
0.505263 0 13.5606 0.013101 0 1.60581
0.505263 0 13.7576 0.015984 0 1.59674
0.505263 0 13.9545 0.0235903 0 1.58341
0.505263 0 14.1515 0.0284656 0 1.55358
0.505263 0 14.3485 0.0171578 0 1.53452
0.505263 0 14.5455 0.010724 0 1.52581
0.505263 0 14.7424 0.00714186 0 1.52014
0.505263 0 14.9394 0.00477894 0 1.51604
0.505263 0 15.1364 0.00270969 0 1.51308
0.505263 0 15.3333 4.46228e-05 0 1.51135
0.505263 0 15.5303 -0.00471334 0 1.51229
0.505263 0 15.7273 -0.00871201 0 1.52381
0.505263 0 15.9242 0.00145856 0 1.52986
0.505263 0 16.1212 0.0103371 0 1.52533
0.505263 0 16.3182 0.0196821 0 1.51525
0.505263 0 16.5152 0.0326268 0 1.49883
0.505263 0 16.7121 0.0535042 0 1.47262
0.505263 0 16.9091 0.0905458 0 1.42759
0.505263 0 17.1061 0.161511 0 1.32969
0.505263 0 17.303 0.196 0 0.989584
0.505263 0 17.5 -0.602054 0 0.554597
0.547368 0 -2 -0.396277 0 1.17674
0.547368 0 -1.80303 -0.540648 0 1.47009
0.547368 0 -1.60606 -0.753614 0 1.86808
0.547368 0 -1.40909 -1.07415 0 2.42118
0.547368 0 -1.21212 -1.56475 0 3.21432
0.547368 0 -1.01515 -2.32054 0 4.40486
0.547368 0 -0.818182 -3.45195 0 6.32924
0.547368 0 -0.621212 -4.71266 0 9.86857
0.547368 0 -0.424242 -3.79033 0 13.9063
0.547368 0 -0.227273 -2.6237 0 16.1243
0.547368 0 -0.030303 -1.83822 0 17.5312
0.547368 0 0.166667 -1.31248 0 18.5267
0.547368 0 0.363636 -0.92285 0 19.2514
0.547368 0 0.560606 -0.610557 0 19.7515
0.547368 0 0.757576 -0.35587 0 20.068
0.547368 0 0.954545 -0.129371 0 20.2528
0.547368 0 1.15152 0.177057 0 20.2912
0.547368 0 1.34848 0.537623 0 20.056
0.547368 0 1.54545 0.923276 0 19.526
0.547368 0 1.74242 1.27975 0 18.6455
0.547368 0 1.93939 1.36149 0 17.5191
0.547368 0 2.13636 1.31605 0 16.5427
0.547368 0 2.33333 1.33488 0 15.6268
0.547368 0 2.5303 1.41078 0 14.6176
0.547368 0 2.72727 1.33552 0 13.524
0.547368 0 2.92424 1.18359 0 12.6359
0.547368 0 3.12121 1.13007 0 11.8633
0.547368 0 3.31818 1.15 0 11.0353
0.547368 0 3.51515 1.06469 0 10.1614
0.547368 0 3.71212 0.895492 0 9.46111
0.547368 0 3.90909 0.806986 0 8.90957
0.547368 0 4.10606 0.816072 0 8.34622
0.547368 0 4.30303 0.749979 0 7.70825
0.547368 0 4.5 0.611201 0 7.23551
0.547368 0 4.69697 0.556267 0 6.87061
0.547368 0 4.89394 0.58377 0 6.47648
0.547368 0 5.09091 0.547785 0 6.0038
0.547368 0 5.28788 0.429017 0 5.65409
0.547368 0 5.48485 0.371098 0 5.41288
0.547368 0 5.68182 0.399731 0 5.17496
0.547368 0 5.87879 0.395968 0 4.79966
0.547368 0 6.07576 0.296345 0 4.57247
0.547368 0 6.27273 0.272151 0 4.40579
0.547368 0 6.4697 0.299338 0 4.21014
0.547368 0 6.66667 0.292246 0 3.96863
0.547368 0 6.86364 0.229555 0 3.76411
0.547368 0 7.06061 0.186723 0 3.63734
0.547368 0 7.25758 0.188929 0 3.52709
0.547368 0 7.45455 0.200352 0 3.35346
0.547368 0 7.65152 0.156402 0 3.23851
0.547368 0 7.84848 0.161082 0 3.15391
0.547368 0 8.04545 0.226335 0 3.04054
0.547368 0 8.24242 0.261491 0 2.69339
0.547368 0 8.43939 -0.0442951 0 2.59385
0.547368 0 8.63636 -0.161575 0 2.96944
0.547368 0 8.83333 0.32346 0 3.0466
0.547368 0 9.0303 0.646626 0 2.15936
0.547368 0 9.22727 -0.257825 0 1.86204
0.547368 0 9.42424 -0.240083 0 2.741
0.547368 0 9.62121 0.278365 0 2.69427
0.547368 0 9.81818 0.295916 0 2.12919
0.547368 0 10.0152 0.0543735 0 2.01956
0.547368 0 10.2121 -0.0147003 0 2.10487
0.547368 0 10.4091 0.0207538 0 2.12762
0.547368 0 10.6061 0.0566669 0 2.1037
0.547368 0 10.803 0.0932877 0 2.03545
0.547368 0 11 0.096144 0 1.95549
0.547368 0 11.197 0.0669419 0 1.88498
0.547368 0 11.3939 0.0451464 0 1.85051
0.547368 0 11.5909 0.0334515 0 1.82775
0.547368 0 11.7879 0.0282358 0 1.80995
0.547368 0 11.9848 0.0282797 0 1.79396
0.547368 0 12.1818 0.0347864 0 1.77699
0.547368 0 12.3788 0.0543508 0 1.75158
0.547368 0 12.5758 0.0613445 0 1.67748
0.547368 0 12.7727 0.0338668 0 1.64726
0.547368 0 12.9697 0.02194 0 1.63275
0.547368 0 13.1667 0.0161792 0 1.62239
0.547368 0 13.3636 0.0137253 0 1.6139
0.547368 0 13.5606 0.0137641 0 1.60609
0.547368 0 13.7576 0.0167448 0 1.59779
0.547368 0 13.9545 0.0254622 0 1.58606
0.547368 0 14.1515 0.0332532 0 1.55057
0.547368 0 14.3485 0.0180559 0 1.53255
0.547368 0 14.5455 0.0112345 0 1.5248
0.547368 0 14.7424 0.00754748 0 1.51953
0.547368 0 14.9394 0.00512617 0 1.51559
0.547368 0 15.1364 0.00301221 0 1.51261
0.547368 0 15.3333 0.000270217 0 1.51062
0.547368 0 15.5303 -0.00504652 0 1.51073
0.547368 0 15.7273 -0.0120526 0 1.5256
0.547368 0 15.9242 0.00165591 0 1.53204
0.547368 0 16.1212 0.0110518 0 1.5272
0.547368 0 16.3182 0.0207422 0 1.51756
0.547368 0 16.5152 0.0341484 0 1.50231
0.547368 0 16.7121 0.0558634 0 1.47855
0.547368 0 16.9091 0.0953387 0 1.43877
0.547368 0 17.1061 0.180021 0 1.3539
0.547368 0 17.303 0.319524 0 0.940898
0.547368 0 17.5 -0.248596 0 0.279989
0.589474 0 -2 -0.419083 0 1.15065
0.589474 0 -1.80303 -0.570415 0 1.43208
0.589474 0 -1.60606 -0.793243 0 1.8115
0.589474 0 -1.40909 -1.1286 0 2.33521
0.589474 0 -1.21212 -1.64406 0 3.08146
0.589474 0 -1.01515 -2.44999 0 4.19844
0.589474 0 -0.818182 -3.71128 0 6.02126
0.589474 0 -0.621212 -5.4914 0 9.67777
0.589474 0 -0.424242 -4.10735 0 14.2238
0.589474 0 -0.227273 -2.77956 0 16.3397
0.589474 0 -0.030303 -1.94064 0 17.6696
0.589474 0 0.166667 -1.39083 0 18.624
0.589474 0 0.363636 -0.980366 0 19.3278
0.589474 0 0.560606 -0.648143 0 19.8134
0.589474 0 0.757576 -0.379289 0 20.1189
0.589474 0 0.954545 -0.151348 0 20.3028
0.589474 0 1.15152 0.183954 0 20.3685
0.589474 0 1.34848 0.575821 0 20.1399
0.589474 0 1.54545 1.00088 0 19.6139
0.589474 0 1.74242 1.41641 0 18.7161
0.589474 0 1.93939 1.48189 0 17.5061
0.589474 0 2.13636 1.41026 0 16.5359
0.589474 0 2.33333 1.43078 0 15.6421
0.589474 0 2.5303 1.54008 0 14.6332
0.589474 0 2.72727 1.44669 0 13.4838
0.589474 0 2.92424 1.26158 0 12.6099
0.589474 0 3.12121 1.20662 0 11.8656
0.589474 0 3.31818 1.25454 0 11.0367
0.589474 0 3.51515 1.15873 0 10.1226
0.589474 0 3.71212 0.953114 0 9.42799
0.589474 0 3.90909 0.85565 0 8.90354
0.589474 0 4.10606 0.887843 0 8.35417
0.589474 0 4.30303 0.816022 0 7.67195
0.589474 0 4.5 0.646699 0 7.21164
0.589474 0 4.69697 0.587658 0 6.87005
0.589474 0 4.89394 0.637714 0 6.48718
0.589474 0 5.09091 0.602443 0 5.97648
0.589474 0 5.28788 0.453414 0 5.63173
0.589474 0 5.48485 0.388344 0 5.40911
0.589474 0 5.68182 0.427536 0 5.19491
0.589474 0 5.87879 0.432987 0 4.76403
0.589474 0 6.07576 0.309872 0 4.55949
0.589474 0 6.27273 0.285948 0 4.40775
0.589474 0 6.4697 0.328777 0 4.21936
0.589474 0 6.66667 0.328414 0 3.96378
0.589474 0 6.86364 0.243707 0 3.74927
0.589474 0 7.06061 0.195104 0 3.63256
0.589474 0 7.25758 0.199111 0 3.53424
0.589474 0 7.45455 0.221702 0 3.33538
0.589474 0 7.65152 0.162234 0 3.23418
0.589474 0 7.84848 0.166386 0 3.16039
0.589474 0 8.04545 0.241146 0 3.06774
0.589474 0 8.24242 0.330658 0 2.61326
0.589474 0 8.43939 -0.064836 0 2.52407
0.589474 0 8.63636 -0.266994 0 3.05714
0.589474 0 8.83333 0.355446 0 3.18159
0.589474 0 9.0303 0.901509 0 1.97531
0.589474 0 9.22727 -0.360853 0 1.61483
0.589474 0 9.42424 -0.284255 0 2.8832
0.589474 0 9.62121 0.3493 0 2.81366
0.589474 0 9.81818 0.337112 0 2.05536
0.589474 0 10.0152 0.0361049 0 1.97657
0.589474 0 10.2121 -0.0303108 0 2.11365
0.589474 0 10.4091 0.021007 0 2.13572
0.589474 0 10.6061 0.0606848 0 2.11248
0.589474 0 10.803 0.111444 0 2.04044
0.589474 0 11 0.113938 0 1.95133
0.589474 0 11.197 0.0711358 0 1.87842
0.589474 0 11.3939 0.0472305 0 1.847
0.589474 0 11.5909 0.0349657 0 1.82599
0.589474 0 11.7879 0.0295004 0 1.80938
0.589474 0 11.9848 0.0294078 0 1.79456
0.589474 0 12.1818 0.0359257 0 1.77939
0.589474 0 12.3788 0.0575467 0 1.75922
0.589474 0 12.5758 0.0676819 0 1.66652
0.589474 0 12.7727 0.0348895 0 1.64352
0.589474 0 12.9697 0.0226899 0 1.63101
0.589474 0 13.1667 0.0168487 0 1.62156
0.589474 0 13.3636 0.0143373 0 1.61365
0.589474 0 13.5606 0.0143336 0 1.60637
0.589474 0 13.7576 0.0173178 0 1.59887
0.589474 0 13.9545 0.0266994 0 1.58933
0.589474 0 14.1515 0.0383723 0 1.5444
0.589474 0 14.3485 0.0186435 0 1.53042
0.589474 0 14.5455 0.0116441 0 1.52377
0.589474 0 14.7424 0.00791289 0 1.51892
0.589474 0 14.9394 0.00546328 0 1.51513
0.589474 0 15.1364 0.00333413 0 1.51213
0.589474 0 15.3333 0.00057954 0 1.50986
0.589474 0 15.5303 -0.00502954 0 1.50888
0.589474 0 15.7273 -0.0173084 0 1.53008
0.589474 0 15.9242 0.00205463 0 1.5344
0.589474 0 16.1212 0.0117573 0 1.52914
0.589474 0 16.3182 0.0216829 0 1.51993
0.589474 0 16.5152 0.0354021 0 1.5059
0.589474 0 16.7121 0.057636 0 1.48468
0.589474 0 16.9091 0.098565 0 1.45074
0.589474 0 17.1061 0.192364 0 1.38454
0.589474 0 17.303 0.559478 0 0.884814
0.589474 0 17.5 -0.0757686 0 0.255001
0.631579 0 -2 -0.440371 0 1.12337
0.631579 0 -1.80303 -0.597841 0 1.39243
0.631579 0 -1.60606 -0.829177 0 1.75257
0.631579 0 -1.40909 -1.17706 0 2.24559
0.631579 0 -1.21212 -1.71341 0 2.94201
0.631579 0 -1.01515 -2.56256 0 3.97702
0.631579 0 -0.818182 -3.94349 0 5.66741
0.631579 0 -0.621212 -6.35804 0 9.08231
0.631579 0 -0.424242 -4.39535 0 13.2419
0.631579 0 -0.227273 -2.91661 0 15.212
0.631579 0 -0.030303 -2.03295 0 16.4536
0.631579 0 0.166667 -1.46614 0 17.3648
0.631579 0 0.363636 -1.03541 0 18.0357
0.631579 0 0.560606 -0.683489 0 18.5058
0.631579 0 0.757576 -0.401043 0 18.7988
0.631579 0 0.954545 -0.174051 0 18.9744
0.631579 0 1.15152 0.190332 0 19.0311
0.631579 0 1.34848 0.612533 0 18.8092
0.631579 0 1.54545 1.07815 0 18.2905
0.631579 0 1.74242 1.55542 0 17.3854
0.631579 0 1.93939 1.60279 0 16.163
0.631579 0 2.13636 1.50032 0 15.2048
0.631579 0 2.33333 1.52233 0 14.3404
0.631579 0 2.5303 1.67367 0 13.3408
0.631579 0 2.72727 1.55798 0 12.235
0.631579 0 2.92424 1.33406 0 11.3828
0.631579 0 3.12121 1.27807 0 10.6746
0.631579 0 3.31818 1.36738 0 9.84876
0.631579 0 3.51515 1.25756 0 8.79198
0.631579 0 3.71212 1.00588 0 8.10889
0.631579 0 3.90909 0.898827 0 7.61784
0.631579 0 4.10606 0.961701 0 7.09194
0.631579 0 4.30303 0.883522 0 6.36573
0.631579 0 4.5 0.677625 0 5.92664
0.631579 0 4.69697 0.614559 0 5.61285
0.631579 0 4.89394 0.694725 0 5.25093
0.631579 0 5.09091 0.663055 0 4.65751
0.631579 0 5.28788 0.474114 0 4.32669
0.631579 0 5.48485 0.402055 0 4.12544
0.631579 0 5.68182 0.447206 0 3.94258
0.631579 0 5.87879 0.460436 0 3.63545
0.631579 0 6.07576 0.320042 0 3.46853
0.631579 0 6.27273 0.29718 0 3.3335
0.631579 0 6.4697 0.359575 0 3.16022
0.631579 0 6.66667 0.383657 0 2.64534
0.631579 0 6.86364 0.255562 0 2.42559
0.631579 0 7.06061 0.201722 0 2.32098
0.631579 0 7.25758 0.205509 0 2.23668
0.631579 0 7.45455 0.235702 0 2.12421
0.631579 0 7.65152 0.166067 0 2.04931
0.631579 0 7.84848 0.169457 0 1.98684
0.631579 0 8.04545 0.246933 0 1.91978
0.631579 0 8.24242 0.378975 0 1.73665
0.631579 0 8.43939 -0.0808114 0 1.70866
0.631579 0 8.63636 -0.387215 0 2.17724
0.631579 0 8.83333 0.372254 0 2.29627
0.631579 0 9.0303 1.1522 0 1.5622
0.631579 0 9.22727 -0.414028 0 1.27095
0.631579 0 9.42424 -0.298191 0 1.67198
0.631579 0 9.62121 0.405555 0 1.59934
0.631579 0 9.81818 0.361868 0 0.788949
0.631579 0 10.0152 0.0114857 0 0.74717
0.631579 0 10.2121 -0.0451899 0 1.30369
0.631579 0 10.4091 0.0218157 0 1.3152
0.631579 0 10.6061 0.0640244 0 1.29274
0.631579 0 10.803 0.135136 0 1.22662
0.631579 0 11 0.136469 0 0.549999
0.631579 0 11.197 0.0744006 0 0.484097
0.631579 0 11.3939 0.0489159 0 0.45642
0.631579 0 11.5909 0.036259 0 0.437258
0.631579 0 11.7879 0.0305946 0 0.421876
0.631579 0 11.9848 0.030329 0 0.408221
0.631579 0 12.1818 0.0366111 0 0.394891
0.631579 0 12.3788 0.0580736 0 0.381008
0.631579 0 12.5758 0.0687504 0 0.402427
0.631579 0 12.7727 0.0353227 0 0.390264
0.631579 0 12.9697 0.0232424 0 0.379804
0.631579 0 13.1667 0.0174146 0 0.371262
0.631579 0 13.3636 0.0148711 0 0.363924
0.631579 0 13.5606 0.0148101 0 0.357184
0.631579 0 13.7576 0.0176962 0 0.350499
0.631579 0 13.9545 0.0269595 0 0.343434
0.631579 0 14.1515 0.0395634 0 0.35348
0.631579 0 14.3485 0.0188813 0 0.347586
0.631579 0 14.5455 0.0119525 0 0.342058
0.631579 0 14.7424 0.00823829 0 0.337625
0.631579 0 14.9394 0.00578984 0 0.333999
0.631579 0 15.1364 0.00367452 0 0.330978
0.631579 0 15.3333 0.000974747 0 0.328432
0.631579 0 15.5303 -0.00452482 0 0.326247
0.631579 0 15.7273 -0.0188541 0 0.312745
0.631579 0 15.9242 0.00269794 0 0.307653
0.631579 0 16.1212 0.0124533 0 0.301946
0.631579 0 16.3182 0.0225027 0 0.293186
0.631579 0 16.5152 0.0363855 0 0.280376
0.631579 0 16.7121 0.058807 0 0.261756
0.631579 0 16.9091 0.100092 0 0.233919
0.631579 0 17.1061 0.19605 0 0.189369
0.631579 0 17.303 0.803101 0 0.294217
0.631579 0 17.5 0.0102058 0 0.222309
0.673684 0 -2 -0.460096 0 1.09504
0.673684 0 -1.80303 -0.622862 0 1.35136
0.673684 0 -1.60606 -0.86131 0 1.69166
0.673684 0 -1.40909 -1.21931 0 2.15297
0.673684 0 -1.21212 -1.77216 0 2.79717
0.673684 0 -1.01515 -2.65598 0 3.74284
0.673684 0 -0.818182 -4.13778 0 5.27201
0.673684 0 -0.621212 -6.93458 0 8.22268
0.673684 0 -0.424242 -4.63754 0 11.6878
0.673684 0 -0.227273 -3.03167 0 13.4709
0.673684 0 -0.030303 -2.11433 0 14.6142
0.673684 0 0.166667 -1.53727 0 15.4792
0.673684 0 0.363636 -1.08797 0 16.0615
0.673684 0 0.560606 -0.716367 0 16.5153
0.673684 0 0.757576 -0.420747 0 16.794
0.673684 0 0.954545 -0.191671 0 16.9556
0.673684 0 1.15152 0.196738 0 16.9893
0.673684 0 1.34848 0.647324 0 16.7748
0.673684 0 1.54545 1.15429 0 16.2672
0.673684 0 1.74242 1.69108 0 15.3589
0.673684 0 1.93939 1.72303 0 14.3145
0.673684 0 2.13636 1.58498 0 13.3745
0.673684 0 2.33333 1.6079 0 12.5479
0.673684 0 2.5303 1.80679 0 11.5679
0.673684 0 2.72727 1.66761 0 10.3744
0.673684 0 2.92424 1.39959 0 9.5528
0.673684 0 3.12121 1.34255 0 8.88952
0.673684 0 3.31818 1.49026 0 8.07665
0.673684 0 3.51515 1.36101 0 6.93254
0.673684 0 3.71212 1.05236 0 6.27195
0.673684 0 3.90909 0.935201 0 5.82092
0.673684 0 4.10606 1.03529 0 5.33347
0.673684 0 4.30303 0.949869 0 4.57937
0.673684 0 4.5 0.702959 0 4.1752
0.673684 0 4.69697 0.636037 0 3.89336
0.673684 0 4.89394 0.750468 0 3.57008
0.673684 0 5.09091 0.726411 0 2.80397
0.673684 0 5.28788 0.490193 0 2.50703
0.673684 0 5.48485 0.412014 0 2.32933
0.673684 0 5.68182 0.454626 0 2.18167
0.673684 0 5.87879 0.467711 0 2.06735
0.673684 0 6.07576 0.326623 0 1.94656
0.673684 0 6.27273 0.305457 0 1.82923
0.673684 0 6.4697 0.385644 0 1.68321
0.673684 0 6.66667 0.454036 0 0.770764
0.673684 0 6.86364 0.264237 0 0.584131
0.673684 0 7.06061 0.206493 0 0.493269
0.673684 0 7.25758 0.207384 0 0.423338
0.673684 0 7.45455 0.231487 0 0.444122
0.673684 0 7.65152 0.167878 0 0.398515
0.673684 0 7.84848 0.170318 0 0.347162
0.673684 0 8.04545 0.241839 0 0.305919
0.673684 0 8.24242 0.346366 0 0.554197
0.673684 0 8.43939 -0.0866723 0 0.596729
0.673684 0 8.63636 -0.466951 0 0.963398
0.673684 0 8.83333 0.368053 0 1.00326
0.673684 0 9.0303 1.18013 0 1.01741
0.673684 0 9.22727 -0.35623 0 0.908462
0.673684 0 9.42424 -0.269253 0 -0.0830585
0.673684 0 9.62121 0.403935 0 -0.132198
0.673684 0 9.81818 0.356226 0 0.365906
0.673684 0 10.0152 -0.000662864 0 0.351164
0.673684 0 10.2121 -0.0500466 0 0.176418
0.673684 0 10.4091 0.0233682 0 0.167692
0.673684 0 10.6061 0.0664068 0 0.146191
0.673684 0 10.803 0.15131 0 0.102062
0.673684 0 11 0.151649 0 0.146695
0.673684 0 11.197 0.0764547 0 0.102689
0.673684 0 11.3939 0.0501781 0 0.079245
0.673684 0 11.5909 0.0373286 0 0.0619923
0.673684 0 11.7879 0.0315197 0 0.0478399
0.673684 0 11.9848 0.0310492 0 0.0353385
0.673684 0 12.1818 0.0368621 0 0.023775
0.673684 0 12.3788 0.0557942 0 0.0155031
0.673684 0 12.5758 0.0633848 0 0.053511
0.673684 0 12.7727 0.0351919 0 0.0502059
0.673684 0 12.9697 0.0236059 0 0.0416916
0.673684 0 13.1667 0.0178801 0 0.0340307
0.673684 0 13.3636 0.0153286 0 0.0272559
0.673684 0 13.5606 0.0151966 0 0.0210403
0.673684 0 13.7576 0.0178887 0 0.0151393
0.673684 0 13.9545 0.0262284 0 0.0103352
0.673684 0 14.1515 0.0349317 0 0.0276194
0.673684 0 14.3485 0.018783 0 0.0276304
0.673684 0 14.5455 0.0121641 0 0.0231681
0.673684 0 14.7424 0.00852487 0 0.0191377
0.673684 0 14.9394 0.00610546 0 0.015669
0.673684 0 15.1364 0.00403133 0 0.0126362
0.673684 0 15.3333 0.00144992 0 0.0098368
0.673684 0 15.5303 -0.00353732 0 0.00655647
0.673684 0 15.7273 -0.0116781 0 -0.0106735
0.673684 0 15.9242 0.00357486 0 -0.0209113
0.673684 0 16.1212 0.0131355 0 -0.027007
0.673684 0 16.3182 0.0232015 0 -0.0353057
0.673684 0 16.5152 0.0371021 0 -0.0468935
0.673684 0 16.7121 0.0593857 0 -0.0629448
0.673684 0 16.9091 0.0999372 0 -0.0847582
0.673684 0 17.1061 0.190887 0 -0.108538
0.673684 0 17.303 0.425775 0 0.0974191
0.673684 0 17.5 0.055618 0 0.187228
0.715789 0 -2 -0.478227 0 1.0658
0.715789 0 -1.80303 -0.645436 0 1.30911
0.715789 0 -1.60606 -0.889572 0 1.62917
0.715789 0 -1.40909 -1.2552 0 2.05806
0.715789 0 -1.21212 -1.81985 0 2.64826
0.715789 0 -1.01515 -2.7284 0 3.49874
0.715789 0 -0.818182 -4.28537 0 4.84323
0.715789 0 -0.621212 -7.2944 0 7.30858
0.715789 0 -0.424242 -4.82119 0 10.0727
0.715789 0 -0.227273 -3.12202 0 11.6363
0.715789 0 -0.030303 -2.18411 0 12.6725
0.715789 0 0.166667 -1.60392 0 13.4905
0.715789 0 0.363636 -1.13808 0 14.2063
0.715789 0 0.560606 -0.746522 0 14.6428
0.715789 0 0.757576 -0.438057 0 14.9057
0.715789 0 0.954545 -0.203802 0 15.0511
0.715789 0 1.15152 0.203484 0 15.0715
0.715789 0 1.34848 0.679668 0 14.8654
0.715789 0 1.54545 1.22837 0 14.3739
0.715789 0 1.74242 1.82634 0 13.4612
0.715789 0 1.93939 1.84229 0 12.2903
0.715789 0 2.13636 1.6628 0 11.3746
0.715789 0 2.33333 1.68552 0 10.5955
0.715789 0 2.5303 1.9387 0 9.64365
0.715789 0 2.72727 1.77412 0 8.49856
0.715789 0 2.92424 1.45663 0 7.71807
0.715789 0 3.12121 1.39777 0 7.10923
0.715789 0 3.31818 1.62389 0 6.32923
0.715789 0 3.51515 1.46659 0 5.04887
0.715789 0 3.71212 1.09096 0 4.42951
0.715789 0 3.90909 0.963511 0 4.02472
0.715789 0 4.10606 1.10236 0 3.59855
0.715789 0 4.30303 1.00864 0 2.77049
0.715789 0 4.5 0.721771 0 2.42133
0.715789 0 4.69697 0.651338 0 2.17453
0.715789 0 4.89394 0.791303 0 1.91346
0.715789 0 5.09091 0.775749 0 0.917235
0.715789 0 5.28788 0.500887 0 0.685371
0.715789 0 5.48485 0.418243 0 0.532336
0.715789 0 5.68182 0.449692 0 0.417502
0.715789 0 5.87879 0.453855 0 0.504801
0.715789 0 6.07576 0.32971 0 0.425112
0.715789 0 6.27273 0.310555 0 0.325505
0.715789 0 6.4697 0.39741 0 0.21625
0.715789 0 6.66667 0.483702 0 0.391803
0.715789 0 6.86364 0.269062 0 0.288396
0.715789 0 7.06061 0.20944 0 0.21209
0.715789 0 7.25758 0.205471 0 0.154963
0.715789 0 7.45455 0.215879 0 0.173235
0.715789 0 7.65152 0.167859 0 0.145457
0.715789 0 7.84848 0.16918 0 0.104323
0.715789 0 8.04545 0.227916 0 0.084162
0.715789 0 8.24242 0.269187 0 0.298882
0.715789 0 8.43939 -0.0793369 0 0.354259
0.715789 0 8.63636 -0.417937 0 -0.194493
0.715789 0 8.83333 0.343684 0 -0.297933
0.715789 0 9.0303 0.970897 0 0.541398
0.715789 0 9.22727 -0.229025 0 0.63094
0.715789 0 9.42424 -0.208354 0 -0.228514
0.715789 0 9.62121 0.343776 0 -0.259144
0.715789 0 9.81818 0.321635 0 0.270164
0.715789 0 10.0152 0.0112855 0 0.273363
0.715789 0 10.2121 -0.0402937 0 0.0308964
0.715789 0 10.4091 0.0256962 0 0.00236376
0.715789 0 10.6061 0.0676787 0 -0.0179704
0.715789 0 10.803 0.148715 0 -0.0366853
0.715789 0 11 0.149262 0 0.11334
0.715789 0 11.197 0.0771574 0 0.0944922
0.715789 0 11.3939 0.0510113 0 0.0754422
0.715789 0 11.5909 0.0381766 0 0.0601038
0.715789 0 11.7879 0.03228 0 0.0471678
0.715789 0 11.9848 0.0315806 0 0.0357849
0.715789 0 12.1818 0.0367376 0 0.0258415
0.715789 0 12.3788 0.051981 0 0.0213826
0.715789 0 12.5758 0.0561906 0 0.045864
0.715789 0 12.7727 0.0345941 0 0.0468265
0.715789 0 12.9697 0.0237968 0 0.0400302
0.715789 0 13.1667 0.0182503 0 0.0332021
0.715789 0 13.3636 0.0157129 0 0.026972
0.715789 0 13.5606 0.0154987 0 0.0212612
0.715789 0 13.7576 0.0179186 0 0.0160833
0.715789 0 13.9545 0.0248721 0 0.012952
0.715789 0 14.1515 0.0299091 0 0.0238637
0.715789 0 14.3485 0.0184147 0 0.025731
0.715789 0 14.5455 0.0122884 0 0.0221888
0.715789 0 14.7424 0.00877479 0 0.0185353
0.715789 0 14.9394 0.00640977 0 0.0152201
0.715789 0 15.1364 0.00440142 0 0.0121851
0.715789 0 15.3333 0.00199168 0 0.00916903
0.715789 0 15.5303 -0.00222666 0 0.00507905
0.715789 0 15.7273 -0.00623199 0 -0.00828075
0.715789 0 15.9242 0.00462039 0 -0.0187011
0.715789 0 16.1212 0.0137969 0 -0.0250486
0.715789 0 16.3182 0.0237807 0 -0.0328707
0.715789 0 16.5152 0.0375613 0 -0.0432596
0.715789 0 16.7121 0.0594047 0 -0.0568337
0.715789 0 16.9091 0.0982603 0 -0.0730205
0.715789 0 17.1061 0.179109 0 -0.0799905
0.715789 0 17.303 0.298651 0 0.0745455
0.715789 0 17.5 0.0776886 0 0.154501
0.757895 0 -2 -0.494743 0 1.03579
0.757895 0 -1.80303 -0.665538 0 1.26591
0.757895 0 -1.60606 -0.913934 0 1.5655
0.757895 0 -1.40909 -1.28466 0 1.96157
0.757895 0 -1.21212 -1.85619 0 2.49673
0.757895 0 -1.01515 -2.77852 0 3.2481
0.757895 0 -0.818182 -4.38064 0 4.39151
0.757895 0 -0.621212 -7.50056 0 6.37635
0.757895 0 -0.424242 -4.93921 0 8.59127
0.757895 0 -0.227273 -3.18567 0 9.91311
0.757895 0 -0.030303 -2.24177 0 10.8356
0.757895 0 0.166667 -1.66711 0 11.6074
0.757895 0 0.363636 -1.18581 0 12.2416
0.757895 0 0.560606 -0.77367 0 12.6594
0.757895 0 0.757576 -0.452699 0 12.9048
0.757895 0 0.954545 -0.211604 0 13.0335
0.757895 0 1.15152 0.210588 0 13.0399
0.757895 0 1.34848 0.70894 0 12.8439
0.757895 0 1.54545 1.29913 0 12.3745
0.757895 0 1.74242 1.966 0 11.4552
0.757895 0 1.93939 1.96087 0 10.2535
0.757895 0 2.13636 1.73215 0 9.36941
0.757895 0 2.33333 1.75284 0 8.64859
0.757895 0 2.5303 2.07284 0 7.73534
0.757895 0 2.72727 1.87612 0 6.60433
0.757895 0 2.92424 1.50353 0 5.8785
0.757895 0 3.12121 1.44124 0 5.33332
0.757895 0 3.31818 1.76365 0 4.62498
0.757895 0 3.51515 1.56606 0 3.13102
0.757895 0 3.71212 1.12009 0 2.58214
0.757895 0 3.90909 0.982812 0 2.22848
0.757895 0 4.10606 1.14614 0 1.89236
0.757895 0 4.30303 1.04517 0 0.870451
0.757895 0 4.5 0.733434 0 0.599753
0.757895 0 4.69697 0.660114 0 0.389367
0.757895 0 4.89394 0.799015 0 0.20432
0.757895 0 5.09091 0.783165 0 0.595952
0.757895 0 5.28788 0.505856 0 0.44954
0.757895 0 5.48485 0.420995 0 0.320938
0.757895 0 5.68182 0.436654 0 0.231958
0.757895 0 5.87879 0.428834 0 0.293486
0.757895 0 6.07576 0.329709 0 0.240531
0.757895 0 6.27273 0.312508 0 0.157631
0.757895 0 6.4697 0.391628 0 0.0841707
0.757895 0 6.66667 0.451224 0 0.301253
0.757895 0 6.86364 0.269895 0 0.267652
0.757895 0 7.06061 0.210685 0 0.205564
0.757895 0 7.25758 0.201388 0 0.158777
0.757895 0 7.45455 0.201204 0 0.161483
0.757895 0 7.65152 0.166366 0 0.141285
0.757895 0 7.84848 0.166402 0 0.108965
0.757895 0 8.04545 0.209624 0 0.102901
0.757895 0 8.24242 0.208646 0 0.245428
0.757895 0 8.43939 -0.0607438 0 0.2778
0.757895 0 8.63636 -0.258524 0 -0.181142
0.757895 0 8.83333 0.306541 0 -0.328352
0.757895 0 9.0303 0.681477 0 0.309517
0.757895 0 9.22727 -0.111701 0 0.450668
0.757895 0 9.42424 -0.139012 0 -0.123513
0.757895 0 9.62121 0.272665 0 -0.151761
0.757895 0 9.81818 0.274683 0 0.199991
0.757895 0 10.0152 0.0316746 0 0.216018
0.757895 0 10.2121 -0.0225033 0 0.0508141
0.757895 0 10.4091 0.0286569 0 0.0110647
0.757895 0 10.6061 0.0678754 0 -0.00792255
0.757895 0 10.803 0.135037 0 -0.010369
0.757895 0 11 0.136138 0 0.0886932
0.757895 0 11.197 0.0765673 0 0.0865523
0.757895 0 11.3939 0.0514301 0 0.071693
0.757895 0 11.5909 0.0388101 0 0.0582185
0.757895 0 11.7879 0.0328826 0 0.0464672
0.757895 0 11.9848 0.0319399 0 0.0361501
0.757895 0 12.1818 0.0363209 0 0.0276296
0.757895 0 12.3788 0.047925 0 0.0253068
0.757895 0 12.5758 0.0499083 0 0.0414451
0.757895 0 12.7727 0.0336672 0 0.0438277
0.757895 0 12.9697 0.0238373 0 0.0384528
0.757895 0 13.1667 0.0185321 0 0.0323926
0.757895 0 13.3636 0.0160282 0 0.0266816
0.757895 0 13.5606 0.0157238 0 0.0214489
0.757895 0 13.7576 0.0178187 0 0.0169121
0.757895 0 13.9545 0.0233156 0 0.0148373
0.757895 0 14.1515 0.0261352 0 0.0219972
0.757895 0 14.3485 0.0178686 0 0.0240715
0.757895 0 14.5455 0.0123385 0 0.0212623
0.757895 0 14.7424 0.00899095 0 0.0179512
0.757895 0 14.9394 0.00670242 0 0.0147839
0.757895 0 15.1364 0.00478085 0 0.0117572
0.757895 0 15.3333 0.00258159 0 0.00857181
0.757895 0 15.5303 -0.000793966 0 0.00399542
0.757895 0 15.7273 -0.00256223 0 -0.00701967
0.757895 0 15.9242 0.00574529 0 -0.0166976
0.757895 0 16.1212 0.0144278 0 -0.0231297
0.757895 0 16.3182 0.0242427 0 -0.0304604
0.757895 0 16.5152 0.0377781 0 -0.0396898
0.757895 0 16.7121 0.0589163 0 -0.0509355
0.757895 0 16.9091 0.0953294 0 -0.0621293
0.757895 0 17.1061 0.163886 0 -0.0573582
0.757895 0 17.303 0.229558 0 0.060032
0.757895 0 17.5 0.0862604 0 0.126645
0.8 0 -2 -0.509633 0 1.00515
0.8 0 -1.80303 -0.683166 0 1.22198
0.8 0 -1.60606 -0.934404 0 1.50103
0.8 0 -1.40909 -1.3077 0 1.86423
0.8 0 -1.21212 -1.88114 0 2.34409
0.8 0 -1.01515 -2.80575 0 2.99463
0.8 0 -0.818182 -4.42092 0 3.92812
0.8 0 -0.621212 -7.58063 0 5.43707
0.8 0 -0.424242 -4.98902 0 7.12429
0.8 0 -0.227273 -3.22148 0 8.19211
0.8 0 -0.030303 -2.28693 0 8.99646
0.8 0 0.166667 -1.72821 0 9.72395
0.8 0 0.363636 -1.23123 0 10.3965
0.8 0 0.560606 -0.79748 0 10.7939
0.8 0 0.757576 -0.464473 0 11.0203
0.8 0 0.954545 -0.215856 0 11.1321
0.8 0 1.15152 0.217888 0 11.1303
0.8 0 1.34848 0.73444 0 10.9464
0.8 0 1.54545 1.36486 0 10.5066
0.8 0 1.74242 2.11558 0 9.58007
0.8 0 1.93939 2.07891 0 8.20057
0.8 0 2.13636 1.79123 0 7.35832
0.8 0 2.33333 1.80714 0 6.70692
0.8 0 2.5303 2.21333 0 5.85256
0.8 0 2.72727 1.9703 0 4.68643
0.8 0 2.92424 1.53867 0 4.0343
0.8 0 3.12121 1.47066 0 3.56042
0.8 0 3.31818 1.88337 0 2.98811
0.8 0 3.51515 1.64028 0 1.17258
0.8 0 3.71212 1.13844 0 0.731084
0.8 0 3.90909 0.992755 0 0.431179
0.8 0 4.10606 1.14353 0 0.198989
0.8 0 4.30303 1.04188 0 0.681502
0.8 0 4.5 0.737839 0 0.499339
0.8 0 4.69697 0.66256 0 0.324681
0.8 0 4.89394 0.773072 0 0.205316
0.8 0 5.09091 0.747282 0 0.495365
0.8 0 5.28788 0.505355 0 0.41901
0.8 0 5.48485 0.420706 0 0.313224
0.8 0 5.68182 0.420763 0 0.242557
0.8 0 5.87879 0.403766 0 0.268641
0.8 0 6.07576 0.327228 0 0.229688
0.8 0 6.27273 0.311616 0 0.161705
0.8 0 6.4697 0.374514 0 0.115047
0.8 0 6.66667 0.403981 0 0.250347
0.8 0 6.86364 0.267207 0 0.248048
0.8 0 7.06061 0.21043 0 0.198794
0.8 0 7.25758 0.196504 0 0.160034
0.8 0 7.45455 0.18995 0 0.154469
0.8 0 7.65152 0.163813 0 0.137621
0.8 0 7.84848 0.162423 0 0.112485
0.8 0 8.04545 0.190895 0 0.114185
0.8 0 8.24242 0.168723 0 0.210556
0.8 0 8.43939 -0.0364999 0 0.218053
0.8 0 8.63636 -0.139808 0 -0.101734
0.8 0 8.83333 0.26588 0 -0.220717
0.8 0 9.0303 0.4896 0 0.214873
0.8 0 9.22727 -0.0297199 0 0.332959
0.8 0 9.42424 -0.0776389 0 -0.0537516
0.8 0 9.62121 0.215579 0 -0.0837439
0.8 0 9.81818 0.229579 0 0.153154
0.8 0 10.0152 0.0483983 0 0.175754
0.8 0 10.2121 -0.0042455 0 0.0615456
0.8 0 10.4091 0.031985 0 0.0187924
0.8 0 10.6061 0.0671934 0 0.00127388
0.8 0 10.803 0.11975 0 0.00628992
0.8 0 11 0.121141 0 0.0731547
0.8 0 11.197 0.0749139 0 0.0792288
0.8 0 11.3939 0.0514685 0 0.0680684
0.8 0 11.5909 0.039241 0 0.0563574
0.8 0 11.7879 0.0333366 0 0.0457427
0.8 0 11.9848 0.0321469 0 0.0364255
0.8 0 12.1818 0.0357013 0 0.0291118
0.8 0 12.3788 0.0442375 0 0.0278239
0.8 0 12.5758 0.0448963 0 0.0386987
0.8 0 12.7727 0.0325496 0 0.041238
0.8 0 12.9697 0.0237533 0 0.0369769
0.8 0 13.1667 0.0187337 0 0.031609
0.8 0 13.3636 0.0162795 0 0.0263858
0.8 0 13.5606 0.0158807 0 0.0215993
0.8 0 13.7576 0.0176247 0 0.0176128
0.8 0 13.9545 0.0218187 0 0.0161316
0.8 0 14.1515 0.0233515 0 0.0209002
0.8 0 14.3485 0.0172337 0 0.0226626
0.8 0 14.5455 0.0123291 0 0.020399
0.8 0 14.7424 0.00917681 0 0.0173905
0.8 0 14.9394 0.00698314 0 0.0143641
0.8 0 15.1364 0.00516518 0 0.0113571
0.8 0 15.3333 0.00319943 0 0.00805429
0.8 0 15.5303 0.000615062 0 0.00325874
0.8 0 15.7273 0.000126852 0 -0.00611138
0.8 0 15.9242 0.00686914 0 -0.0149066
0.8 0 16.1212 0.0150182 0 -0.0212666
0.8 0 16.3182 0.0245917 0 -0.0280939
0.8 0 16.5152 0.0377717 0 -0.036218
0.8 0 16.7121 0.0579875 0 -0.0453275
0.8 0 16.9091 0.0914646 0 -0.0522958
0.8 0 17.1061 0.147824 0 -0.0403494
0.8 0 17.303 0.185211 0 0.0496956
0.8 0 17.5 0.087431 0 0.104144
