#x y z Bx By Bz
0 0 -2 4.27633e-06 0 4.26191
0 0 -1.51282 4.50428e-06 0 6.71681
0 0 -1.02564 4.74868e-06 0 9.89322
0 0 -0.538462 5.01101e-06 0 13.0745
0 0 -0.0512821 5.29295e-06 0 16.3831
0 0 0.435897 5.59635e-06 0 18.679
0 0 0.923077 5.92328e-06 0 19.5449
0 0 1.41026 6.27604e-06 0 19.1786
0 0 1.89744 6.65721e-06 0 17.381
0 0 2.38462 7.06968e-06 0 15.1481
0 0 2.87179 7.51669e-06 0 12.8988
0 0 3.35897 8.00188e-06 0 10.7728
0 0 3.84615 8.52935e-06 0 9.09409
0 0 4.33333 9.10372e-06 0 7.70693
0 0 4.82051 9.73021e-06 0 6.56263
0 0 5.30769 1.04147e-05 0 5.66454
0 0 5.79487 1.11639e-05 0 4.97069
0 0 6.28205 1.19852e-05 0 4.34523
0 0 6.76923 1.28873e-05 0 3.88531
0 0 7.25641 1.38796e-05 0 3.47508
0 0 7.74359 1.4973e-05 0 3.16238
0 0 8.23077 1.61794e-05 0 2.86927
0 0 8.71795 1.7512e-05 0 2.65239
0 0 9.20513 1.89848e-05 0 2.44767
0 0 9.69231 2.06124e-05 0 2.27952
0 0 10.1795 2.24082e-05 0 2.13925
0 0 10.6667 2.43822e-05 0 2.01632
0 0 11.1538 2.65352e-05 0 1.91036
0 0 11.641 2.8847e-05 0 1.82666
0 0 12.1282 3.12519e-05 0 1.73662
0 0 12.6154 3.35809e-05 0 1.67889
0 0 13.1026 3.54222e-05 0 1.64902
0 0 13.5897 3.57407e-05 0 1.60306
0 0 14.0769 3.16963e-05 0 1.5106
0 0 14.5641 1.42162e-05 0 1.49975
0 0 15.0513 -5.36742e-05 0 1.67792
0 0 15.5385 -0.000394021 0 1.76166
0 0 16.0256 -0.00325055 0 1.64463
0 0 16.5128 -0.0216393 0 1.60262
0 0 17 -0.0511426 0 1.53417
0.0421053 0 -2 -0.0973922 0 4.26148
0.0421053 0 -1.51282 -0.121141 0 6.71497
0.0421053 0 -1.02564 -0.142792 0 9.89377
0.0421053 0 -0.538462 -0.138542 0 13.0737
0.0421053 0 -0.0512821 -0.134092 0 16.3855
0.0421053 0 0.435897 -0.0640124 0 18.6817
0.0421053 0 0.923077 -0.0125949 0 19.5471
0.0421053 0 1.41026 0.047364 0 19.1815
0.0421053 0 1.89744 0.0985532 0 17.3816
0.0421053 0 2.38462 0.0929156 0 15.1481
0.0421053 0 2.87179 0.100638 0 12.8986
0.0421053 0 3.35897 0.080818 0 10.7719
0.0421053 0 3.84615 0.0654271 0 9.09357
0.0421053 0 4.33333 0.0541721 0 7.70641
0.0421053 0 4.82051 0.0455415 0 6.56223
0.0421053 0 5.30769 0.0318297 0 5.6641
0.0421053 0 5.79487 0.0300956 0 4.97068
0.0421053 0 6.28205 0.0222225 0 4.34483
0.0421053 0 6.76923 0.0193222 0 3.88531
0.0421053 0 7.25641 0.0149446 0 3.47483
0.0421053 0 7.74359 0.0134036 0 3.16243
0.0421053 0 8.23077 0.0108055 0 2.86906
0.0421053 0 8.71795 0.00897227 0 2.65242
0.0421053 0 9.20513 0.00814449 0 2.44757
0.0421053 0 9.69231 0.00662547 0 2.27946
0.0421053 0 10.1795 0.00577278 0 2.13923
0.0421053 0 10.6667 0.00491171 0 2.0163
0.0421053 0 11.1538 0.00406813 0 1.91029
0.0421053 0 11.641 0.00366595 0 1.8267
0.0421053 0 12.1282 0.00361018 0 1.73653
0.0421053 0 12.6154 0.00161539 0 1.67883
0.0421053 0 13.1026 0.0013513 0 1.64905
0.0421053 0 13.5897 0.00305764 0 1.60318
0.0421053 0 14.0769 0.00383395 0 1.51043
0.0421053 0 14.5641 -0.0037291 0 1.49933
0.0421053 0 15.0513 -0.00924743 0 1.67813
0.0421053 0 15.5385 0.00275731 0 1.76214
0.0421053 0 16.0256 -0.00144875 0 1.64351
0.0421053 0 16.5128 -0.0180469 0 1.6003
0.0421053 0 17 -0.0489091 0 1.53148
0.0842105 0 -2 -0.194835 0 4.26023
0.0842105 0 -1.51282 -0.242199 0 6.70943
0.0842105 0 -1.02564 -0.285836 0 9.89545
0.0842105 0 -0.538462 -0.276917 0 13.0713
0.0842105 0 -0.0512821 -0.268751 0 16.3926
0.0842105 0 0.435897 -0.127824 0 18.6897
0.0842105 0 0.923077 -0.0252788 0 19.5536
0.0842105 0 1.41026 0.0946822 0 19.1904
0.0842105 0 1.89744 0.197621 0 17.3833
0.0842105 0 2.38462 0.185592 0 15.1483
0.0842105 0 2.87179 0.201582 0 12.8979
0.0842105 0 3.35897 0.161538 0 10.7693
0.0842105 0 3.84615 0.130796 0 9.09202
0.0842105 0 4.33333 0.108311 0 7.70483
0.0842105 0 4.82051 0.0911631 0 6.56103
0.0842105 0 5.30769 0.0635284 0 5.66277
0.0842105 0 5.79487 0.0602708 0 4.97068
0.0842105 0 6.28205 0.0443641 0 4.34362
0.0842105 0 6.76923 0.0386653 0 3.88533
0.0842105 0 7.25641 0.0298367 0 3.47407
0.0842105 0 7.74359 0.0268089 0 3.16256
0.0842105 0 8.23077 0.0215781 0 2.86844
0.0842105 0 8.71795 0.0179217 0 2.65251
0.0842105 0 9.20513 0.0162673 0 2.44728
0.0842105 0 9.69231 0.0132355 0 2.27929
0.0842105 0 10.1795 0.0115327 0 2.13917
0.0842105 0 10.6667 0.0097924 0 2.01624
0.0842105 0 11.1538 0.00810831 0 1.9101
0.0842105 0 11.641 0.0072944 0 1.82682
0.0842105 0 12.1282 0.00720513 0 1.73627
0.0842105 0 12.6154 0.00318623 0 1.67867
0.0842105 0 13.1026 0.00265726 0 1.64914
0.0842105 0 13.5897 0.00607189 0 1.60355
0.0842105 0 14.0769 0.00770118 0 1.50992
0.0842105 0 14.5641 -0.00746086 0 1.49808
0.0842105 0 15.0513 -0.0185989 0 1.67879
0.0842105 0 15.5385 0.00598569 0 1.76373
0.0842105 0 16.0256 0.000257676 0 1.6414
0.0842105 0 16.5128 -0.0143209 0 1.59803
0.0842105 0 17 -0.0466516 0 1.52867
0.126316 0 -2 -0.292372 0 4.25827
0.126316 0 -1.51282 -0.363068 0 6.70006
0.126316 0 -1.02564 -0.429384 0 9.89843
0.126316 0 -0.538462 -0.414928 0 13.0672
0.126316 0 -0.0512821 -0.404553 0 16.4045
0.126316 0 0.435897 -0.191214 0 18.703
0.126316 0 0.923077 -0.038132 0 19.5646
0.126316 0 1.41026 0.141912 0 19.2053
0.126316 0 1.89744 0.297755 0 17.386
0.126316 0 2.38462 0.277789 0 15.1484
0.126316 0 2.87179 0.30317 0 12.8969
0.126316 0 3.35897 0.24207 0 10.765
0.126316 0 3.84615 0.196059 0 9.08944
0.126316 0 4.33333 0.162399 0 7.70217
0.126316 0 4.82051 0.136972 0 6.55906
0.126316 0 5.30769 0.0949812 0 5.66054
0.126316 0 5.79487 0.0906338 0 4.97071
0.126316 0 6.28205 0.0663637 0 4.34158
0.126316 0 6.76923 0.0580784 0 3.8854
0.126316 0 7.25641 0.0446487 0 3.47278
0.126316 0 7.74359 0.0402478 0 3.16281
0.126316 0 8.23077 0.0323155 0 2.8674
0.126316 0 8.71795 0.02686 0 2.65267
0.126316 0 9.20513 0.0243835 0 2.44678
0.126316 0 9.69231 0.0198576 0 2.279
0.126316 0 10.1795 0.0173134 0 2.13907
0.126316 0 10.6667 0.014659 0 2.01614
0.126316 0 11.1538 0.0121455 0 1.90977
0.126316 0 11.641 0.0109047 0 1.82703
0.126316 0 12.1282 0.0108324 0 1.73582
0.126316 0 12.6154 0.00473513 0 1.67841
0.126316 0 13.1026 0.00394355 0 1.64929
0.126316 0 13.5897 0.00906949 0 1.60416
0.126316 0 14.0769 0.0117004 0 1.50905
0.126316 0 14.5641 -0.0111674 0 1.49598
0.126316 0 15.0513 -0.0282742 0 1.67991
0.126316 0 15.5385 0.00935518 0 1.76646
0.126316 0 16.0256 0.00164361 0 1.63811
0.126316 0 16.5128 -0.01036 0 1.59578
0.126316 0 17 -0.0443305 0 1.52577
0.168421 0 -2 -0.390051 0 4.25581
0.168421 0 -1.51282 -0.483621 0 6.68665
0.168421 0 -1.02564 -0.57371 0 9.90301
0.168421 0 -0.538462 -0.552346 0 13.0611
0.168421 0 -0.0512821 -0.542116 0 16.4216
0.168421 0 0.435897 -0.253954 0 18.7216
0.168421 0 0.923077 -0.0512474 0 19.5799
0.168421 0 1.41026 0.188987 0 19.2262
0.168421 0 1.89744 0.399548 0 17.3897
0.168421 0 2.38462 0.369235 0 15.1487
0.168421 0 2.87179 0.405776 0 12.8954
0.168421 0 3.35897 0.322303 0 10.7589
0.168421 0 3.84615 0.261145 0 9.08582
0.168421 0 4.33333 0.216409 0 7.69839
0.168421 0 4.82051 0.183082 0 6.55636
0.168421 0 5.30769 0.126054 0 5.65739
0.168421 0 5.79487 0.121294 0 4.97084
0.168421 0 6.28205 0.0881398 0 4.33868
0.168421 0 6.76923 0.0776023 0 3.88557
0.168421 0 7.25641 0.059334 0 3.47093
0.168421 0 7.74359 0.0537386 0 3.16321
0.168421 0 8.23077 0.0429956 0 2.8659
0.168421 0 8.71795 0.0357809 0 2.65293
0.168421 0 9.20513 0.032487 0 2.44606
0.168421 0 9.69231 0.0265026 0 2.27859
0.168421 0 10.1795 0.0231303 0 2.13894
0.168421 0 10.6667 0.0195021 0 2.016
0.168421 0 11.1538 0.016178 0 1.90929
0.168421 0 11.641 0.0144855 0 1.82733
0.168421 0 12.1282 0.0145087 0 1.73517
0.168421 0 12.6154 0.00625117 0 1.67803
0.168421 0 13.1026 0.00520078 0 1.64949
0.168421 0 13.5897 0.0120388 0 1.60503
0.168421 0 14.0769 0.0159031 0 1.50781
0.168421 0 14.5641 -0.0148304 0 1.49304
0.168421 0 15.0513 -0.0384551 0 1.68152
0.168421 0 15.5385 0.0129209 0 1.77039
0.168421 0 16.0256 0.00241254 0 1.63332
0.168421 0 16.5128 -0.00599917 0 1.59353
0.168421 0 17 -0.0418353 0 1.52286
0.210526 0 -2 -0.487917 0 4.25313
0.210526 0 -1.51282 -0.603689 0 6.66891
0.210526 0 -1.02564 -0.719108 0 9.90961
0.210526 0 -0.538462 -0.688884 0 13.0527
0.210526 0 -0.0512821 -0.682117 0 16.4443
0.210526 0 0.435897 -0.315793 0 18.7454
0.210526 0 0.923077 -0.0647288 0 19.5994
0.210526 0 1.41026 0.235811 0 19.2533
0.210526 0 1.89744 0.503675 0 17.3942
0.210526 0 2.38462 0.459617 0 15.1491
0.210526 0 2.87179 0.509838 0 12.8935
0.210526 0 3.35897 0.402106 0 10.7511
0.210526 0 3.84615 0.325958 0 9.08118
0.210526 0 4.33333 0.270307 0 7.6934
0.210526 0 4.82051 0.229636 0 6.55299
0.210526 0 5.30769 0.156597 0 5.65329
0.210526 0 5.79487 0.152382 0 4.97119
0.210526 0 6.28205 0.109598 0 4.33487
0.210526 0 6.76923 0.0972849 0 3.88592
0.210526 0 7.25641 0.0738374 0 3.4685
0.210526 0 7.74359 0.0673008 0 3.16383
0.210526 0 8.23077 0.0535899 0 2.86391
0.210526 0 8.71795 0.0446763 0 2.65332
0.210526 0 9.20513 0.0405677 0 2.4451
0.210526 0 9.69231 0.0331883 0 2.27806
0.210526 0 10.1795 0.0290058 0 2.13879
0.210526 0 10.6667 0.0243096 0 2.01585
0.210526 0 11.1538 0.0202032 0 1.90865
0.210526 0 11.641 0.0180225 0 1.82775
0.210526 0 12.1282 0.0182512 0 1.7343
0.210526 0 12.6154 0.0077236 0 1.67756
0.210526 0 13.1026 0.00642027 0 1.64975
0.210526 0 13.5897 0.0149638 0 1.60617
0.210526 0 14.0769 0.0203878 0 1.50617
0.210526 0 14.5641 -0.0184244 0 1.48922
0.210526 0 15.0513 -0.049349 0 1.68367
0.210526 0 15.5385 0.0167236 0 1.77559
0.210526 0 16.0256 0.00215223 0 1.62635
0.210526 0 16.5128 -0.00090155 0 1.59123
0.210526 0 17 -0.0388683 0 1.52017
0.252632 0 -2 -0.58601 0 4.25067
0.252632 0 -1.51282 -0.723036 0 6.64644
0.252632 0 -1.02564 -0.865904 0 9.91886
0.252632 0 -0.538462 -0.824169 0 13.0416
0.252632 0 -0.0512821 -0.825311 0 16.473
0.252632 0 0.435897 -0.376448 0 18.7745
0.252632 0 0.923077 -0.0786949 0 19.6233
0.252632 0 1.41026 0.282247 0 19.2866
0.252632 0 1.89744 0.610932 0 17.3991
0.252632 0 2.38462 0.548568 0 15.1496
0.252632 0 2.87179 0.615897 0 12.8911
0.252632 0 3.35897 0.481316 0 10.7417
0.252632 0 3.84615 0.390356 0 9.07549
0.252632 0 4.33333 0.324052 0 7.68709
0.252632 0 4.82051 0.276816 0 6.54908
0.252632 0 5.30769 0.186445 0 5.6482
0.252632 0 5.79487 0.184056 0 4.97191
0.252632 0 6.28205 0.130625 0 4.3301
0.252632 0 6.76923 0.117183 0 3.88657
0.252632 0 7.25641 0.0880912 0 3.46541
0.252632 0 7.74359 0.0809538 0 3.16476
0.252632 0 8.23077 0.064061 0 2.86137
0.252632 0 8.71795 0.053535 0 2.65389
0.252632 0 9.20513 0.0486093 0 2.44386
0.252632 0 9.69231 0.0399436 0 2.27741
0.252632 0 10.1795 0.0349738 0 2.13862
0.252632 0 10.6667 0.0290647 0 2.01568
0.252632 0 11.1538 0.0242168 0 1.90782
0.252632 0 11.641 0.0214974 0 1.8283
0.252632 0 12.1282 0.022077 0 1.73317
0.252632 0 12.6154 0.00914196 0 1.67697
0.252632 0 13.1026 0.00759437 0 1.65007
0.252632 0 13.5897 0.0178231 0 1.60759
0.252632 0 14.0769 0.0252438 0 1.5041
0.252632 0 14.5641 -0.0219142 0 1.48452
0.252632 0 15.0513 -0.0612037 0 1.68643
0.252632 0 15.5385 0.0207831 0 1.78216
0.252632 0 16.0256 0.000298903 0 1.61601
0.252632 0 16.5128 0.00573245 0 1.58889
0.252632 0 17 -0.0346488 0 1.51833
0.294737 0 -2 -0.684356 0 4.24897
0.294737 0 -1.51282 -0.841337 0 6.61874
0.294737 0 -1.02564 -1.01445 0 9.93163
0.294737 0 -0.538462 -0.957715 0 13.0273
0.294737 0 -0.0512821 -0.972555 0 16.5088
0.294737 0 0.435897 -0.435605 0 18.8086
0.294737 0 0.923077 -0.0932853 0 19.6513
0.294737 0 1.41026 0.328107 0 19.3265
0.294737 0 1.89744 0.722289 0 17.4041
0.294737 0 2.38462 0.635655 0 15.1503
0.294737 0 2.87179 0.724647 0 12.8882
0.294737 0 3.35897 0.559729 0 10.7307
0.294737 0 3.84615 0.454116 0 9.06873
0.294737 0 4.33333 0.377591 0 7.67933
0.294737 0 4.82051 0.32487 0 6.54476
0.294737 0 5.30769 0.215408 0 5.64209
0.294737 0 5.79487 0.216515 0 4.97322
0.294737 0 6.28205 0.151085 0 4.3243
0.294737 0 6.76923 0.137365 0 3.88767
0.294737 0 7.25641 0.102011 0 3.46163
0.294737 0 7.74359 0.0947151 0 3.16612
0.294737 0 8.23077 0.0743578 0 2.85824
0.294737 0 8.71795 0.0623403 0 2.65471
0.294737 0 9.20513 0.056586 0 2.44231
0.294737 0 9.69231 0.0468146 0 2.27662
0.294737 0 10.1795 0.0410867 0 2.13846
0.294737 0 10.6667 0.0337445 0 2.01551
0.294737 0 11.1538 0.0282116 0 1.90676
0.294737 0 11.641 0.0248855 0 1.829
0.294737 0 12.1282 0.0260015 0 1.73174
0.294737 0 12.6154 0.0104964 0 1.67628
0.294737 0 13.1026 0.00871714 0 1.65044
0.294737 0 13.5897 0.0205879 0 1.60931
0.294737 0 14.0769 0.0305754 0 1.50152
0.294737 0 14.5641 -0.0252528 0 1.47893
0.294737 0 15.0513 -0.0743283 0 1.68993
0.294737 0 15.5385 0.0250911 0 1.79019
0.294737 0 16.0256 -0.00381373 0 1.59999
0.294737 0 16.5128 0.0159452 0 1.58673
0.294737 0 17 -0.0271874 0 1.51916
0.336842 0 -2 -0.782938 0 4.24879
0.336842 0 -1.51282 -0.958137 0 6.58523
0.336842 0 -1.02564 -1.1651 0 9.9491
0.336842 0 -0.538462 -1.08889 0 13.0093
0.336842 0 -0.0512821 -1.12482 0 16.5527
0.336842 0 0.435897 -0.492908 0 18.8477
0.336842 0 0.923077 -0.108667 0 19.6835
0.336842 0 1.41026 0.373138 0 19.373
0.336842 0 1.89744 0.838979 0 17.4087
0.336842 0 2.38462 0.720365 0 15.1512
0.336842 0 2.87179 0.837008 0 12.8848
0.336842 0 3.35897 0.637089 0 10.7183
0.336842 0 3.84615 0.516873 0 9.06081
0.336842 0 4.33333 0.430851 0 7.6699
0.336842 0 4.82051 0.374139 0 6.54031
0.336842 0 5.30769 0.24327 0 5.6349
0.336842 0 5.79487 0.25001 0 4.97547
0.336842 0 6.28205 0.170815 0 4.3174
0.336842 0 6.76923 0.157904 0 3.88947
0.336842 0 7.25641 0.115492 0 3.45708
0.336842 0 7.74359 0.108594 0 3.16807
0.336842 0 8.23077 0.0844105 0 2.85444
0.336842 0 8.71795 0.0710651 0 2.65587
0.336842 0 9.20513 0.0644583 0 2.4404
0.336842 0 9.69231 0.0538736 0 2.27573
0.336842 0 10.1795 0.0474254 0 2.1383
0.336842 0 10.6667 0.0383175 0 2.01537
0.336842 0 11.1538 0.0321739 0 1.90543
0.336842 0 11.641 0.0281545 0 1.82989
0.336842 0 12.1282 0.0300349 0 1.72992
0.336842 0 12.6154 0.0117781 0 1.6755
0.336842 0 13.1026 0.00978536 0 1.65088
0.336842 0 13.5897 0.023221 0 1.61135
0.336842 0 14.0769 0.0365074 0 1.49833
0.336842 0 14.5641 -0.0283798 0 1.47246
0.336842 0 15.0513 -0.0891263 0 1.69435
0.336842 0 15.5385 0.0296042 0 1.79975
0.336842 0 16.0256 -0.0105099 0 1.57382
0.336842 0 16.5128 0.035069 0 1.58592
0.336842 0 17 -0.0117814 0 1.52782
0.378947 0 -2 -0.881662 0 4.25107
0.378947 0 -1.51282 -1.07282 0 6.54521
0.378947 0 -1.02564 -1.31819 0 9.97287
0.378947 0 -0.538462 -1.21688 0 12.9867
0.378947 0 -0.0512821 -1.2832 0 16.6065
0.378947 0 0.435897 -0.547959 0 18.8917
0.378947 0 0.923077 -0.125044 0 19.7199
0.378947 0 1.41026 0.417009 0 19.4262
0.378947 0 1.89744 0.962618 0 17.412
0.378947 0 2.38462 0.802102 0 15.1523
0.378947 0 2.87179 0.954258 0 12.8808
0.378947 0 3.35897 0.713075 0 10.7045
0.378947 0 3.84615 0.578003 0 9.05157
0.378947 0 4.33333 0.483732 0 7.65854
0.378947 0 4.82051 0.425104 0 6.5361
0.378947 0 5.30769 0.269792 0 5.62662
0.378947 0 5.79487 0.284855 0 4.97915
0.378947 0 6.28205 0.189616 0 4.30935
0.378947 0 6.76923 0.178876 0 3.89231
0.378947 0 7.25641 0.128401 0 3.45169
0.378947 0 7.74359 0.122579 0 3.17084
0.378947 0 8.23077 0.0941246 0 2.8499
0.378947 0 8.71795 0.0796641 0 2.65748
0.378947 0 9.20513 0.0721665 0 2.43806
0.378947 0 9.69231 0.0612293 0 2.27475
0.378947 0 10.1795 0.0541118 0 2.13813
0.378947 0 10.6667 0.0427405 0 2.01527
0.378947 0 11.1538 0.0360783 0 1.90378
0.378947 0 11.641 0.0312621 0 1.83097
0.378947 0 12.1282 0.0341748 0 1.72763
0.378947 0 12.6154 0.0129799 0 1.67461
0.378947 0 13.1026 0.0108002 0 1.65137
0.378947 0 13.5897 0.0256761 0 1.61369
0.378947 0 14.0769 0.0431906 0 1.49435
0.378947 0 14.5641 -0.0312206 0 1.46513
0.378947 0 15.0513 -0.106149 0 1.70001
0.378947 0 15.5385 0.0342388 0 1.81091
0.378947 0 16.0256 -0.0177901 0 1.52902
0.378947 0 16.5128 0.0765749 0 1.59222
0.378947 0 17 0.0200275 0 1.55891
0.421053 0 -2 -0.980281 0 4.25706
0.421053 0 -1.51282 -1.18454 0 6.49797
0.421053 0 -1.02564 -1.47388 0 10.0052
0.421053 0 -0.538462 -1.34063 0 12.959
0.421053 0 -0.0512821 -1.44881 0 16.6728
0.421053 0 0.435897 -0.600321 0 18.9402
0.421053 0 0.923077 -0.142664 0 19.7605
0.421053 0 1.41026 0.459305 0 19.4863
0.421053 0 1.89744 1.09541 0 17.4126
0.421053 0 2.38462 0.880183 0 15.1537
0.421053 0 2.87179 1.07825 0 12.8759
0.421053 0 3.35897 0.787283 0 10.6897
0.421053 0 3.84615 0.636383 0 9.04062
0.421053 0 4.33333 0.536086 0 7.64491
0.421053 0 4.82051 0.478461 0 6.53283
0.421053 0 5.30769 0.294706 0 5.61723
0.421053 0 5.79487 0.321426 0 4.98505
0.421053 0 6.28205 0.207259 0 4.3001
0.421053 0 6.76923 0.200327 0 3.89665
0.421053 0 7.25641 0.140575 0 3.44542
0.421053 0 7.74359 0.13661 0 3.17473
0.421053 0 8.23077 0.103373 0 2.84456
0.421053 0 8.71795 0.0880612 0 2.65966
0.421053 0 9.20513 0.0796229 0 2.43523
0.421053 0 9.69231 0.0690358 0 2.27377
0.421053 0 10.1795 0.0613233 0 2.13788
0.421053 0 10.6667 0.0469564 0 2.01523
0.421053 0 11.1538 0.0398784 0 1.90173
0.421053 0 11.641 0.0341545 0 1.83227
0.421053 0 12.1282 0.0383895 0 1.72472
0.421053 0 12.6154 0.0140964 0 1.67364
0.421053 0 13.1026 0.0117701 0 1.65193
0.421053 0 13.5897 0.0278984 0 1.61634
0.421053 0 14.0769 0.0508024 0 1.48928
0.421053 0 14.5641 -0.0336892 0 1.45699
0.421053 0 15.0513 -0.126189 0 1.70749
0.421053 0 15.5385 0.0388699 0 1.82368
0.421053 0 16.0256 -0.0148711 0 1.45264
0.421053 0 16.5128 0.164825 0 1.63711
0.421053 0 17 0.0690549 0 1.59277
0.463158 0 -2 -1.07826 0 4.26827
0.463158 0 -1.51282 -1.29219 0 6.44275
0.463158 0 -1.02564 -1.63195 0 10.049
0.463158 0 -0.538462 -1.45888 0 12.9254
0.463158 0 -0.0512821 -1.62261 0 16.7554
0.463158 0 0.435897 -0.649517 0 18.9932
0.463158 0 0.923077 -0.161825 0 19.8055
0.463158 0 1.41026 0.49952 0 19.5532
0.463158 0 1.89744 1.24046 0 17.4085
0.463158 0 2.38462 0.95384 0 15.1555
0.463158 0 2.87179 1.21182 0 12.8697
0.463158 0 3.35897 0.859219 0 10.6742
0.463158 0 3.84615 0.689857 0 9.02708
0.463158 0 4.33333 0.587704 0 7.62859
0.463158 0 4.82051 0.535224 0 6.53168
0.463158 0 5.30769 0.317733 0 5.60672
0.463158 0 5.79487 0.360114 0 4.99444
0.463158 0 6.28205 0.223482 0 4.28966
0.463158 0 6.76923 0.222205 0 3.90321
0.463158 0 7.25641 0.151821 0 3.43822
0.463158 0 7.74359 0.150534 0 3.18013
0.463158 0 8.23077 0.111993 0 2.83834
0.463158 0 8.71795 0.0961312 0 2.66256
0.463158 0 9.20513 0.0867033 0 2.43184
0.463158 0 9.69231 0.0774879 0 2.273
0.463158 0 10.1795 0.0692936 0 2.13739
0.463158 0 10.6667 0.0508924 0 2.01526
0.463158 0 11.1538 0.0434926 0 1.8992
0.463158 0 11.641 0.0367674 0 1.8338
0.463158 0 12.1282 0.0425875 0 1.72102
0.463158 0 12.6154 0.0151253 0 1.67258
0.463158 0 13.1026 0.012714 0 1.65253
0.463158 0 13.5897 0.0298278 0 1.61928
0.463158 0 14.0769 0.0595213 0 1.48258
0.463158 0 14.5641 -0.0356925 0 1.44812
0.463158 0 15.0513 -0.150427 0 1.71791
0.463158 0 15.5385 0.0433372 0 1.83798
0.463158 0 16.0256 0.0265062 0 1.33862
0.463158 0 16.5128 0.260242 0 1.11881
0.463158 0 17 0.118978 0 0.859308
0.505263 0 -2 -1.1746 0 4.28649
0.505263 0 -1.51282 -1.39438 0 6.37894
0.505263 0 -1.02564 -1.79133 0 10.1082
0.505263 0 -0.538462 -1.57008 0 12.8853
0.505263 0 -0.0512821 -1.80475 0 16.8599
0.505263 0 0.435897 -0.695048 0 19.0501
0.505263 0 0.923077 -0.182844 0 19.8555
0.505263 0 1.41026 0.537064 0 19.6269
0.505263 0 1.89744 1.40232 0 17.3955
0.505263 0 2.38462 1.02224 0 15.1576
0.505263 0 2.87179 1.35975 0 12.8613
0.505263 0 3.35897 0.928282 0 10.6583
0.505263 0 3.84615 0.733939 0 9.00866
0.505263 0 4.33333 0.638288 0 7.60909
0.505263 0 4.82051 0.596819 0 6.53498
0.505263 0 5.30769 0.338587 0 5.59515
0.505263 0 5.79487 0.401099 0 5.00944
0.505263 0 6.28205 0.238006 0 4.27806
0.505263 0 6.76923 0.2442 0 3.91296
0.505263 0 7.25641 0.161921 0 3.43012
0.505263 0 7.74359 0.164016 0 3.1875
0.505263 0 8.23077 0.119785 0 2.83126
0.505263 0 8.71795 0.103676 0 2.66632
0.505263 0 9.20513 0.0932406 0 2.42786
0.505263 0 9.69231 0.0867761 0 2.2728
0.505263 0 10.1795 0.0782732 0 2.13628
0.505263 0 10.6667 0.0544617 0 2.01537
0.505263 0 11.1538 0.046788 0 1.89614
0.505263 0 11.641 0.0390289 0 1.83553
0.505263 0 12.1282 0.0465632 0 1.71634
0.505263 0 12.6154 0.0160665 0 1.67145
0.505263 0 13.1026 0.0136608 0 1.65314
0.505263 0 13.5897 0.0314036 0 1.62246
0.505263 0 14.0769 0.0693959 0 1.4733
0.505263 0 14.5641 -0.0371399 0 1.43867
0.505263 0 15.0513 -0.180641 0 1.73375
0.505263 0 15.5385 0.0474586 0 1.85367
0.505263 0 16.0256 0.138675 0 1.2075
0.505263 0 16.5128 0.253218 0 0.43695
0.505263 0 17 0.116375 0 0.126049
0.547368 0 -2 -1.26758 0 4.31357
0.547368 0 -1.51282 -1.48941 0 6.30615
0.547368 0 -1.02564 -1.94928 0 10.1873
0.547368 0 -0.538462 -1.67246 0 12.8385
0.547368 0 -0.0512821 -1.99315 0 16.9941
0.547368 0 0.435897 -0.736403 0 19.1107
0.547368 0 0.923077 -0.205894 0 19.9112
0.547368 0 1.41026 0.571284 0 19.7071
0.547368 0 1.89744 1.58746 0 17.3647
0.547368 0 2.38462 1.08452 0 15.1602
0.547368 0 2.87179 1.5313 0 12.8484
0.547368 0 3.35897 0.993762 0 10.6425
0.547368 0 3.84615 0.758121 0 8.97793
0.547368 0 4.33333 0.687424 0 7.58588
0.547368 0 4.82051 0.664761 0 6.54772
0.547368 0 5.30769 0.357008 0 5.58263
0.547368 0 5.79487 0.443593 0 5.03343
0.547368 0 6.28205 0.250559 0 4.26544
0.547368 0 6.76923 0.265423 0 3.9271
0.547368 0 7.25641 0.170645 0 3.4212
0.547368 0 7.74359 0.17643 0 3.19728
0.547368 0 8.23077 0.126524 0 2.82334
0.547368 0 8.71795 0.110411 0 2.67103
0.547368 0 9.20513 0.0990283 0 2.42329
0.547368 0 9.69231 0.0969652 0 2.27378
0.547368 0 10.1795 0.0883967 0 2.1339
0.547368 0 10.6667 0.0575721 0 2.01551
0.547368 0 11.1538 0.0495727 0 1.89253
0.547368 0 11.641 0.0408697 0 1.83743
0.547368 0 12.1282 0.0499338 0 1.71052
0.547368 0 12.6154 0.0169223 0 1.67027
0.547368 0 13.1026 0.0146258 0 1.6537
0.547368 0 13.5897 0.0325733 0 1.62582
0.547368 0 14.0769 0.0798311 0 1.45975
0.547368 0 14.5641 -0.0379552 0 1.4288
0.547368 0 15.0513 -0.218907 0 1.76125
0.547368 0 15.5385 0.0510509 0 1.87052
0.547368 0 16.0256 0.335241 0 1.08803
0.547368 0 16.5128 0.163282 0 0.0876937
0.547368 0 17 0.0731251 0 0.00649577
0.589474 0 -2 -1.35462 0 4.351
0.589474 0 -1.51282 -1.57537 0 6.22436
0.589474 0 -1.02564 -2.10059 0 10.2907
0.589474 0 -0.538462 -1.76412 0 12.7848
0.589474 0 -0.0512821 -2.18093 0 17.1669
0.589474 0 0.435897 -0.773086 0 19.1745
0.589474 0 0.923077 -0.230434 0 19.9744
0.589474 0 1.41026 0.601495 0 19.7933
0.589474 0 1.89744 1.80092 0 17.2946
0.589474 0 2.38462 1.13982 0 15.1633
0.589474 0 2.87179 1.74998 0 12.8199
0.589474 0 3.35897 1.05485 0 10.6274
0.589474 0 3.84615 0.737934 0 8.89789
0.589474 0 4.33333 0.73456 0 7.55841
0.589474 0 4.82051 0.737282 0 6.58053
0.589474 0 5.30769 0.372778 0 5.5693
0.589474 0 5.79487 0.483918 0 5.07085
0.589474 0 6.28205 0.260904 0 4.25201
0.589474 0 6.76923 0.283976 0 3.94666
0.589474 0 7.25641 0.177787 0 3.41159
0.589474 0 7.74359 0.186793 0 3.20965
0.589474 0 8.23077 0.131989 0 2.81474
0.589474 0 8.71795 0.115975 0 2.67667
0.589474 0 9.20513 0.103842 0 2.41821
0.589474 0 9.69231 0.107785 0 2.27675
0.589474 0 10.1795 0.0994309 0 2.12933
0.589474 0 10.6667 0.0601428 0 2.01564
0.589474 0 11.1538 0.0516277 0 1.88849
0.589474 0 11.641 0.0422362 0 1.83942
0.589474 0 12.1282 0.0521473 0 1.70368
0.589474 0 12.6154 0.0176963 0 1.66906
0.589474 0 13.1026 0.0155351 0 1.65407
0.589474 0 13.5897 0.033302 0 1.62926
0.589474 0 14.0769 0.0881606 0 1.43997
0.589474 0 14.5641 -0.0380909 0 1.41872
0.589474 0 15.0513 -0.261209 0 1.8164
0.589474 0 15.5385 0.0539556 0 1.88818
0.589474 0 16.0256 0.653658 0 0.941856
0.589474 0 16.5128 0.103414 0 0.111378
0.589474 0 17 0.0437099 0 0.0405775
0.631579 0 -2 -1.43245 0 4.11472
0.631579 0 -1.51282 -1.65026 0 5.84949
0.631579 0 -1.02564 -2.23757 0 9.66618
0.631579 0 -0.538462 -1.84315 0 11.9705
0.631579 0 -0.0512821 -2.3549 0 16.0774
0.631579 0 0.435897 -0.804644 0 17.9347
0.631579 0 0.923077 -0.254231 0 18.6813
0.631579 0 1.41026 0.627029 0 18.5199
0.631579 0 1.89744 2.02005 0 16.1864
0.631579 0 2.38462 1.18732 0 14.2047
0.631579 0 2.87179 2.0254 0 12.0188
0.631579 0 3.35897 1.11064 0 9.95601
0.631579 0 3.84615 0.753308 0 7.98373
0.631579 0 4.33333 0.778999 0 6.09201
0.631579 0 4.82051 0.797993 0 5.21091
0.631579 0 5.30769 0.385759 0 4.40717
0.631579 0 5.79487 0.513615 0 3.97537
0.631579 0 6.28205 0.26888 0 3.35649
0.631579 0 6.76923 0.296988 0 3.0898
0.631579 0 7.25641 0.183195 0 2.68555
0.631579 0 7.74359 0.193921 0 2.50818
0.631579 0 8.23077 0.136004 0 2.21207
0.631579 0 8.71795 0.120009 0 2.08936
0.631579 0 9.20513 0.107483 0 1.89129
0.631579 0 9.69231 0.118439 0 1.76095
0.631579 0 10.1795 0.110515 0 0.738749
0.631579 0 10.6667 0.0621257 0 0.632738
0.631579 0 11.1538 0.0527961 0 0.593461
0.631579 0 11.641 0.0431067 0 0.550628
0.631579 0 12.1282 0.0527162 0 0.535955
0.631579 0 12.6154 0.0183913 0 0.507426
0.631579 0 13.1026 0.0161976 0 0.486914
0.631579 0 13.5897 0.0335811 0 0.465336
0.631579 0 14.0769 0.0890427 0 0.479214
0.631579 0 14.5641 -0.0375389 0 0.472516
0.631579 0 15.0513 -0.270907 0 0.407385
0.631579 0 15.5385 0.056062 0 0.404272
0.631579 0 16.0256 0.885826 0 0.392871
0.631579 0 16.5128 0.0829834 0 0.111079
0.631579 0 17 0.0324697 0 0.0515545
0.673684 0 -2 -1.4977 0 3.69875
0.673684 0 -1.51282 -1.71223 0 5.2775
0.673684 0 -1.02564 -2.35188 0 8.56328
0.673684 0 -0.538462 -1.9078 0 10.6477
0.673684 0 -0.0512821 -2.49955 0 14.1583
0.673684 0 0.435897 -0.830695 0 15.8261
0.673684 0 0.923077 -0.274111 0 16.4864
0.673684 0 1.41026 0.647288 0 16.341
0.673684 0 1.89744 2.19139 0 14.3669
0.673684 0 2.38462 1.22635 0 12.6049
0.673684 0 2.87179 2.20123 0 10.6832
0.673684 0 3.35897 1.16022 0 8.848
0.673684 0 3.84615 0.989439 0 6.56137
0.673684 0 4.33333 0.819918 0 3.96864
0.673684 0 4.82051 0.82202 0 3.21046
0.673684 0 5.30769 0.395916 0 2.72279
0.673684 0 5.79487 0.523392 0 2.36705
0.673684 0 6.28205 0.274436 0 2.06008
0.673684 0 6.76923 0.301894 0 1.83489
0.673684 0 7.25641 0.186811 0 1.6339
0.673684 0 7.74359 0.196913 0 1.48222
0.673684 0 8.23077 0.138489 0 1.33943
0.673684 0 8.71795 0.122282 0 1.23248
0.673684 0 9.20513 0.109836 0 1.12726
0.673684 0 9.69231 0.127671 0 1.01107
0.673684 0 10.1795 0.120201 0 0.174515
0.673684 0 10.6667 0.0635214 0 0.0793901
0.673684 0 11.1538 0.0530878 0 0.0730492
0.673684 0 11.641 0.0435004 0 0.0361942
0.673684 0 12.1282 0.051614 0 0.0648482
0.673684 0 12.6154 0.0190088 0 0.0420479
0.673684 0 13.1026 0.0165528 0 0.0202207
0.673684 0 13.5897 0.0334326 0 0.00170703
0.673684 0 14.0769 0.0808936 0 0.0825144
0.673684 0 14.5641 -0.0363362 0 0.0882408
0.673684 0 15.0513 -0.226802 0 -0.117356
0.673684 0 15.5385 0.0573232 0 -0.178423
0.673684 0 16.0256 0.581057 0 0.0879479
0.673684 0 16.5128 0.0774645 0 0.105537
0.673684 0 17 0.0290694 0 0.0541789
0.715789 0 -2 -1.54764 0 3.29074
0.715789 0 -1.51282 -1.75974 0 4.69978
0.715789 0 -1.02564 -2.43712 0 7.4794
0.715789 0 -0.538462 -1.95668 0 9.32077
0.715789 0 -0.0512821 -2.60418 0 12.2697
0.715789 0 0.435897 -0.850962 0 13.7193
0.715789 0 0.923077 -0.288412 0 14.297
0.715789 0 1.41026 0.661801 0 14.1655
0.715789 0 1.89744 2.30254 0 12.5158
0.715789 0 2.38462 1.25638 0 11.0057
0.715789 0 2.87179 2.30793 0 9.33623
0.715789 0 3.35897 1.20268 0 7.74215
0.715789 0 3.84615 1.46938 0 5.21324
0.715789 0 4.33333 0.856409 0 1.97053
0.715789 0 4.82051 0.803427 0 1.33414
0.715789 0 5.30769 0.403321 0 1.14266
0.715789 0 5.79487 0.511086 0 0.859746
0.715789 0 6.28205 0.277652 0 0.843999
0.715789 0 6.76923 0.298259 0 0.658736
0.715789 0 7.25641 0.188689 0 0.64752
0.715789 0 7.74359 0.195693 0 0.520639
0.715789 0 8.23077 0.139484 0 0.520965
0.715789 0 8.71795 0.122804 0 0.42928
0.715789 0 9.20513 0.110916 0 0.410876
0.715789 0 9.69231 0.134221 0 0.310986
0.715789 0 10.1795 0.127006 0 0.160707
0.715789 0 10.6667 0.064379 0 0.078936
0.715789 0 11.1538 0.0526904 0 0.0693654
0.715789 0 11.641 0.0434763 0 0.0378741
0.715789 0 12.1282 0.049351 0 0.0589417
0.715789 0 12.6154 0.0195489 0 0.0408627
0.715789 0 13.1026 0.0167837 0 0.0206421
0.715789 0 13.5897 0.0329072 0 0.00481154
0.715789 0 14.0769 0.0691309 0 0.0670707
0.715789 0 14.5641 -0.0345615 0 0.0788737
0.715789 0 15.0513 -0.17708 0 -0.0805827
0.715789 0 15.5385 0.057759 0 -0.160706
0.715789 0 16.0256 0.417825 0 0.0395376
0.715789 0 16.5128 0.0765339 0 0.0984233
0.715789 0 17 0.0284228 0 0.0537952
0.757895 0 -2 -1.5806 0 2.79293
0.757895 0 -1.51282 -1.79178 0 4.02353
0.757895 0 -1.02564 -2.48988 0 6.15612
0.757895 0 -0.538462 -1.98888 0 7.73985
0.757895 0 -0.0512821 -2.66469 0 9.9641
0.757895 0 0.435897 -0.865296 0 11.1781
0.757895 0 0.923077 -0.297 0 11.6558
0.757895 0 1.41026 0.670272 0 11.5371
0.757895 0 1.89744 2.36177 0 10.3316
0.757895 0 2.38462 1.27711 0 9.08612
0.757895 0 2.87179 2.36761 0 7.76722
0.757895 0 3.35897 1.2372 0 6.41959
0.757895 0 3.84615 2.12106 0 3.99731
0.757895 0 4.33333 0.887567 0 1.01056
0.757895 0 4.82051 0.757989 0 0.470454
0.757895 0 5.30769 0.408158 0 0.39768
0.757895 0 5.79487 0.483735 0 0.173436
0.757895 0 6.28205 0.278729 0 0.269558
0.757895 0 6.76923 0.288248 0 0.118858
0.757895 0 7.25641 0.188997 0 0.182337
0.757895 0 7.74359 0.191122 0 0.0776062
0.757895 0 8.23077 0.139157 0 0.134736
0.757895 0 8.71795 0.121848 0 0.0570492
0.757895 0 9.20513 0.110866 0 0.0742701
0.757895 0 9.69231 0.137405 0 -0.00870074
0.757895 0 10.1795 0.130129 0 0.145628
0.757895 0 10.6667 0.0647796 0 0.0781711
0.757895 0 11.1538 0.0518667 0 0.0662152
0.757895 0 11.641 0.043119 0 0.0392927
0.757895 0 12.1282 0.0465902 0 0.0542605
0.757895 0 12.6154 0.0200112 0 0.0397254
0.757895 0 13.1026 0.0170296 0 0.0211522
0.757895 0 13.5897 0.0320761 0 0.00763771
0.757895 0 14.0769 0.0581135 0 0.0570446
0.757895 0 14.5641 -0.0323243 0 0.0701205
0.757895 0 15.0513 -0.138946 0 -0.0619974
0.757895 0 15.5385 0.0574469 0 -0.143728
0.757895 0 16.0256 0.326431 0 0.0211126
0.757895 0 16.5128 0.0765383 0 0.0908175
0.757895 0 17 0.0286254 0 0.0523196
0.8 0 -2 -1.59591 0 2.39195
0.8 0 -1.51282 -1.80794 0 3.44084
0.8 0 -1.02564 -2.50912 0 5.08929
0.8 0 -0.538462 -2.00409 0 6.40973
0.8 0 -0.0512821 -2.68068 0 8.10165
0.8 0 0.435897 -0.873692 0 9.07305
0.8 0 0.923077 -0.300149 0 9.47124
0.8 0 1.41026 0.672614 0 9.3647
0.8 0 1.89744 2.37543 0 8.46411
0.8 0 2.38462 1.2885 0 7.48766
0.8 0 2.87179 2.38845 0 6.41667
0.8 0 3.35897 1.26317 0 5.31879
0.8 0 3.84615 2.55126 0 3.29937
0.8 0 4.33333 0.912584 0 0.958911
0.8 0 4.82051 0.712247 0 0.487863
0.8 0 5.30769 0.410694 0 0.38366
0.8 0 5.79487 0.452163 0 0.201324
0.8 0 6.28205 0.277965 0 0.256873
0.8 0 6.76923 0.275223 0 0.133813
0.8 0 7.25641 0.187984 0 0.173474
0.8 0 7.74359 0.184561 0 0.087316
0.8 0 8.23077 0.137759 0 0.127003
0.8 0 8.71795 0.119841 0 0.0615394
0.8 0 9.20513 0.109918 0 0.070206
0.8 0 9.69231 0.137349 0 0.00322933
0.8 0 10.1795 0.129744 0 0.130876
0.8 0 10.6667 0.0648132 0 0.0771012
0.8 0 11.1538 0.0508434 0 0.0635815
0.8 0 11.641 0.0425212 0 0.0404234
0.8 0 12.1282 0.0438066 0 0.0506512
0.8 0 12.6154 0.0203961 0 0.0386467
0.8 0 13.1026 0.0172978 0 0.0216514
0.8 0 13.5897 0.0310197 0 0.0101431
0.8 0 14.0769 0.0489809 0 0.0502143
0.8 0 14.5641 -0.0297491 0 0.0620932
0.8 0 15.0513 -0.110312 0 -0.0507925
0.8 0 15.5385 0.0565047 0 -0.127757
0.8 0 16.0256 0.26623 0 0.0117805
0.8 0 16.5128 0.0762784 0 0.0831979
0.8 0 17 0.0290198 0 0.0504478
