#name >> r_in >> r_out >> length >> I_dens >> n_sheets >> pos[i] >> dir[i]
MAGNET	Coil1	0.6	1	1.012	9436758.89328063	50	0	0	-1.694	0	0	1
MAGNET	Coil2	0.6	1	1.012	25009881.4229249	50	0	0	-0.682	0	0	1
MAGNET	Coil3	0.6	1	1.012	43317687.7470356	50	0	0	0.329	0	0	1
MAGNET	Coil4	0.6	1	1.012	45259387.3517787	50	0	0	1.341	0	0	1
MAGNET	Coil5	0.6	1	1.012	31907114.6245059	50	0	0	2.353	0	0	1
MAGNET	Coil6	0.6	1	1.012	21800889.3280632	50	0	0	3.365	0	0	1
MAGNET	Coil7	0.6005	0.7335	1.012	39005616.8088205	50	0	0	4.376	0	0	1
MAGNET	Coil8	0.6005	0.7335	1.012	31226782.3709471	50	0	0	5.388	0	0	1
MAGNET	Coil9	0.6005	0.7335	1.012	23975452.465155	50	0	0	6.4	0	0	1
MAGNET	Coil10	0.6005	0.7335	1.012	19473089.8392226	50	0	0	7.412	0	0	1
MAGNET	Coil11	0.6005	0.7335	1.012	16144610.5382032	50	0	0	8.424	0	0	1
MAGNET	Coil12	0.6005	0.7335	1.012	14183185.2358168	50	0	0	9.435	0	0	1
MAGNET	Coil13	0.6	0.644	1.012	35730326.9852677	50	0	0	10.447	0	0	1
MAGNET	Coil14	0.6	0.644	1.012	33349802.3715415	50	0	0	11.459	0	0	1
MAGNET	Coil15	0.6	0.644	1.012	29981135.4653252	50	0	0	12.471	0	0	1
MAGNET	Coil16	0.6	0.644	1.012	30160797.7003234	50	0	0	13.482	0	0	1
MAGNET	Coil17	0.6	0.644	1.012	24187028.3866331	50	0	0	14.494	0	0	1
MAGNET	Coil18	0.6	0.644	1.012	38807042.7596119	50	0	0	15.506	0	0	1
MAGNET Mag1 0.43 0.53 0.18 16570000.0 40 0.0 0.0 16.2 -0.0 0.0 1.0
MAGNET Mag3 0.43 0.53 0.18 16570000.0 40 -0.001363439069208296 0.0 16.449979294917327 -0.010908091494182374 0.0 0.9999405050001497
MAGNET Mag5 0.43 0.53 0.18 16570000.0 40 -0.005453594041218748 0.0 16.69992884479842 -0.02181488503456112 0.0 0.9997620270799091
MAGNET Mag7 0.43 0.53 0.18 16570000.0 40 -0.01226997822849246 0.0 16.949818908146426 -0.03271908282177614 0.0 0.9994645874763657
MAGNET Mag9 0.43 0.53 0.18 16570000.0 40 -0.021811780549477033 0.0 17.199619750542773 -0.043619387365336 0.0 0.9990482215818578
MAGNET Mag11 0.43 0.53 0.18 16570000.0 40 -0.034077865625117144 0.0 17.449301648185305 -0.05451450163800632 0.0 0.9985129789397631
MAGNET Mag13 0.43 0.53 0.18 16570000.0 40 -0.04906677391395333 0.0 17.698834891425093 -0.06540312923014306 0.0 0.9978589232386035
MAGNET Mag15 0.43 0.53 0.18 16570000.0 40 -0.06677672188579278 0.0 17.9481897883016 -0.0762839745039523 0.0 0.9970861323044666
MAGNET Mag17 0.43 0.53 0.18 16570000.0 40 -0.08720560223393165 0.0 18.197336668075717 -0.08715574274765817 0.0 0.9961946980917455
MAGNET Mag19 0.43 0.53 0.18 16570000.0 40 -0.11035098412590338 0.0 18.4462458847603 -0.0980171403295606 0.0 0.9951847266721969
MAGNET Mag21 0.43 0.53 0.18 16570000.0 40 -0.13621011349272363 0.0 18.69488782064773 -0.10886687485196457 0.0 0.9940563382223196
MAGNET Mag23 0.43 0.53 0.18 16570000.0 40 -0.16477991335659678 0.0 18.943232889834125 -0.11970365530496252 0.0 0.992809667009055
MAGNET Mag25 0.43 0.53 0.18 16570000.0 40 -0.19605698419704556 0.0 19.191251541739785 -0.13052619222005157 0.0 0.9914448613738104
MAGNET Mag27 0.43 0.53 0.18 16570000.0 40 -0.2300376043554201 0.0 19.438914264625385 -0.14133319782356749 0.0 0.9899620837148079
MAGNET Mag29 0.43 0.53 0.18 16570000.0 40 -0.2667177304777379 0.0 19.68619158910361 -0.1521233861899167 0.0 0.9883615104677607
MAGNET Mag31 0.43 0.53 0.18 16570000.0 40 -0.3060929979958026 0.0 19.93305409164569 -0.16289547339458874 0.0 0.986643332084879
MAGNET Mag33 0.43 0.53 0.18 16570000.0 40 -0.348158721646544 0.0 20.179472398082524 -0.17364817766693033 0.0 0.984807753012208
MAGNET Mag35 0.43 0.53 0.18 16570000.0 40 -0.3929098960295176 0.0 20.425417187099903 -0.1843802195426634 0.0 0.9828549916653012
MAGNET Mag37 0.43 0.53 0.18 16570000.0 40 -0.44034119620249695 0.0 20.670859193727456 -0.19509032201612825 0.0 0.9807852804032304
MAGNET Mag39 0.43 0.53 0.18 16570000.0 40 -0.4904469783150887 0.0 20.915769212820884 -0.2057772106922349 0.0 0.9785988655009383
MAGNET Mag41 0.43 0.53 0.18 16570000.0 40 -0.5432212802802941 0.0 21.16011810253709 -0.21643961393810288 0.0 0.9762960071199334
MAGNET Mag43 0.43 0.53 0.18 16570000.0 40 -0.5977005240652741 0.0 21.404094500307597 -0.21643961393810288 0.0 0.9762960071199334
MAGNET Mag45 0.43 0.53 0.18 16570000.0 40 -0.6504748260304796 0.0 21.648443390023804 -0.2057772106922349 0.0 0.9785988655009383
MAGNET Mag47 0.43 0.53 0.18 16570000.0 40 -0.7005806081430711 0.0 21.893353409117235 -0.19509032201612825 0.0 0.9807852804032304
MAGNET Mag49 0.43 0.53 0.18 16570000.0 40 -0.7480119083160506 0.0 22.138795415744784 -0.1843802195426634 0.0 0.9828549916653012
MAGNET Mag51 0.43 0.53 0.18 16570000.0 40 -0.7927630826990243 0.0 22.384740204762167 -0.17364817766693033 0.0 0.984807753012208
MAGNET Mag53 0.43 0.53 0.18 16570000.0 40 -0.8348288063497659 0.0 22.631158511198997 -0.16289547339458874 0.0 0.986643332084879
MAGNET Mag55 0.43 0.53 0.18 16570000.0 40 -0.8742040738678305 0.0 22.87802101374108 -0.1521233861899167 0.0 0.9883615104677607
MAGNET Mag57 0.43 0.53 0.18 16570000.0 40 -0.9108841999901481 0.0 23.125298338219306 -0.14133319782356749 0.0 0.9899620837148079
MAGNET Mag59 0.43 0.53 0.18 16570000.0 40 -0.9448648201485227 0.0 23.372961061104906 -0.13052619222005157 0.0 0.9914448613738104
MAGNET Mag61 0.43 0.53 0.18 16570000.0 40 -0.9761418909889714 0.0 23.620979713010566 -0.11970365530496252 0.0 0.992809667009055
MAGNET Mag63 0.43 0.53 0.18 16570000.0 40 -1.0047116908528446 0.0 23.86932478219696 -0.10886687485196457 0.0 0.9940563382223196
MAGNET Mag65 0.43 0.53 0.18 16570000.0 40 -1.0305708202196648 0.0 24.11796671808439 -0.0980171403295606 0.0 0.9951847266721969
MAGNET Mag67 0.43 0.53 0.18 16570000.0 40 -1.0537162021116364 0.0 24.366875934768974 -0.08715574274765817 0.0 0.9961946980917455
MAGNET Mag69 0.43 0.53 0.18 16570000.0 40 -1.0741450824597754 0.0 24.616022814543093 -0.0762839745039523 0.0 0.9970861323044666
MAGNET Mag71 0.43 0.53 0.18 16570000.0 40 -1.0918550304316148 0.0 24.865377711419598 -0.06540312923014306 0.0 0.9978589232386035
MAGNET Mag73 0.43 0.53 0.18 16570000.0 40 -1.106843938720451 0.0 25.114910954659386 -0.05451450163800632 0.0 0.9985129789397631
MAGNET Mag75 0.43 0.53 0.18 16570000.0 40 -1.119110023796091 0.0 25.364592852301918 -0.043619387365336 0.0 0.9990482215818578
MAGNET Mag77 0.43 0.53 0.18 16570000.0 40 -1.1286518261170755 0.0 25.614393694698265 -0.03271908282177614 0.0 0.9994645874763657
MAGNET Mag79 0.43 0.53 0.18 16570000.0 40 -1.1354682103043492 0.0 25.864283758046266 -0.02181488503456112 0.0 0.9997620270799091
MAGNET Mag81 0.43 0.53 0.18 16570000.0 40 -1.1395583652763597 0.0 26.114233307927364 -0.010908091494182374 0.0 0.9999405050001497


#Grid definition x0 >> x1 >> nx >> y0 >> y1 >> ny >> z0 >> z1 >> nz
GRID 0  0.8 20 0 0.1 1 -2 17 40

