#x y z Bx By Bz
0 0 -2 3.04326e-06 0.0059649 6.8286
0 0 -1.80303 3.10047e-06 0.00662865 8.88063
0 0 -1.60606 3.15911e-06 0.00737452 11.2143
0 0 -1.40909 3.21924e-06 0.00821219 13.5346
0 0 -1.21212 3.28089e-06 0.00915185 15.5418
0 0 -1.01515 3.34412e-06 0.0102039 17.0967
0 0 -0.818182 3.40898e-06 0.0113787 18.2196
0 0 -0.621212 3.47552e-06 0.0126852 18.994
0 0 -0.424242 3.54379e-06 0.0141308 19.4898
0 0 -0.227273 3.61385e-06 0.0157187 19.75
0 0 -0.030303 3.68576e-06 0.0174464 19.8084
0 0 0.166667 3.75958e-06 0.0193024 19.6925
0 0 0.363636 3.83538e-06 0.0212622 19.4082
0 0 0.560606 3.91321e-06 0.0232836 18.945
0 0 0.757576 3.99314e-06 0.0253009 18.3068
0 0 0.954545 4.07525e-06 0.0272195 17.526
0 0 1.15152 4.15962e-06 0.0289099 16.641
0 0 1.34848 4.24631e-06 0.0302062 15.6695
0 0 1.54545 4.33541e-06 0.0309081 14.615
0 0 1.74242 4.427e-06 0.0307926 13.4881
0 0 1.93939 4.52116e-06 0.0296366 12.3014
0 0 2.13636 4.61799e-06 0.0272516 11.0434
0 0 2.33333 4.71759e-06 0.023529 9.68599
0 0 2.5303 4.82003e-06 0.0184839 8.2521
0 0 2.72727 4.92544e-06 0.0122874 6.88789
0 0 2.92424 5.03391e-06 0.00526933 5.81906
0 0 3.12121 5.14555e-06 -0.00211504 5.19645
0 0 3.31818 5.26048e-06 -0.00935138 5.00296
0 0 3.51515 5.37882e-06 -0.0159494 5.05484
0 0 3.71212 5.50069e-06 -0.0215193 5.09397
0 0 3.90909 5.62622e-06 -0.02582 5.00418
0 0 4.10606 5.75554e-06 -0.0287721 4.92353
0 0 4.30303 5.8888e-06 -0.0304361 5.02749
0 0 4.5 6.02614e-06 -0.030972 5.238
0 0 4.69697 6.16771e-06 -0.030593 5.29901
0 0 4.89394 6.31368e-06 -0.0295256 5.11722
0 0 5.09091 6.4642e-06 -0.0279818 4.81309
0 0 5.28788 6.61945e-06 -0.0261432 4.51679
0 0 5.48485 6.77962e-06 -0.0241548 4.27875
0 0 5.68182 6.94487e-06 -0.0221255 4.10439
0 0 5.87879 7.11542e-06 -0.0201329 3.98173
0 0 6.07576 7.29145e-06 -0.0182284 3.88505
0 0 6.27273 7.47319e-06 -0.0164436 3.79263
0 0 6.4697 7.66084e-06 -0.0147949 3.69745
0 0 6.66667 7.85463e-06 -0.0132884 3.59564
0 0 6.86364 8.05481e-06 -0.0119228 3.46562
0 0 7.06061 8.2616e-06 -0.0106926 3.27673
0 0 7.25758 8.47527e-06 -0.00958905 3.02037
0 0 7.45455 8.69607e-06 -0.00860242 2.73567
0 0 7.65152 8.92427e-06 -0.00772225 2.4862
0 0 7.84848 9.16014e-06 -0.00693819 2.30154
0 0 8.04545 9.40397e-06 -0.00624033 2.17477
0 0 8.24242 9.65604e-06 -0.0056194 2.09263
0 0 8.43939 9.91665e-06 -0.00506689 2.04337
0 0 8.63636 1.01861e-05 -0.00457506 2.01266
0 0 8.83333 1.04647e-05 -0.00413698 1.99182
0 0 9.0303 1.07527e-05 -0.00374644 1.98317
0 0 9.22727 1.10504e-05 -0.00339794 1.99413
0 0 9.42424 1.13582e-05 -0.0030866 2.02641
0 0 9.62121 1.16762e-05 -0.0028081 2.07652
0 0 9.81818 1.20048e-05 -0.00255867 2.12694
0 0 10.0152 1.23441e-05 -0.00233497 2.11888
0 0 10.2121 1.26943e-05 -0.00213405 1.97743
0 0 10.4091 1.30557e-05 -0.00195334 1.73244
0 0 10.6061 1.34281e-05 -0.00179057 1.54083
0 0 10.803 1.38117e-05 -0.00164375 1.50698
0 0 11 1.42061e-05 -0.00151111 1.58361
0 0 11.197 1.46112e-05 -0.00139112 1.67598
0 0 11.3939 1.50264e-05 -0.00128241 1.74466
0 0 11.5909 1.54509e-05 -0.00118377 1.78758
0 0 11.7879 1.58836e-05 -0.00109415 1.80914
0 0 11.9848 1.63228e-05 -0.00101261 1.81763
0 0 12.1818 1.67664e-05 -0.000938311 1.82357
0 0 12.3788 1.72113e-05 -0.000870525 1.83019
0 0 12.5758 1.76536e-05 -0.000808596 1.83279
0 0 12.7727 1.80878e-05 -0.000751944 1.83018
0 0 12.9697 1.85066e-05 -0.000700052 1.82795
0 0 13.1667 1.89003e-05 -0.00065246 1.82993
0 0 13.3636 1.92557e-05 -0.000608757 1.83135
0 0 13.5606 1.95547e-05 -0.000568577 1.82814
0 0 13.7576 1.97727e-05 -0.000531592 1.82372
0 0 13.9545 1.98754e-05 -0.000497509 1.82357
0 0 14.1515 1.98152e-05 -0.000466063 1.82503
0 0 14.3485 1.95237e-05 -0.000437018 1.82244
0 0 14.5455 1.89027e-05 -0.000410162 1.81674
0 0 14.7424 1.78068e-05 -0.000385303 1.81395
0 0 14.9394 1.60172e-05 -0.000362269 1.81423
0 0 15.1364 1.31946e-05 -0.000340903 1.81134
0 0 15.3333 8.79785e-06 -0.000321067 1.80351
0 0 15.5303 1.93171e-06 -0.000302631 1.79576
0 0 15.7273 -8.94717e-06 -0.00028548 1.79064
0 0 15.9242 -2.66325e-05 -0.000269511 1.78198
0 0 16.1212 -5.64806e-05 -0.000254629 1.76446
0 0 16.3182 -0.000109485 -0.000240746 1.73937
0 0 16.5152 -0.00021008 -0.000227785 1.70843
0 0 16.7121 -0.000417731 -0.000215673 1.66512
0 0 16.9091 -0.000891288 -0.000204347 1.60769
0 0 17.1061 -0.00208189 -0.000193746 1.5642
0 0 17.303 -0.00516705 -0.000183815 1.57001
0 0 17.5 -0.0118865 -0.000174506 1.58436
0.0421053 0 -2 -0.197929 0.00596415 6.82369
0.0421053 0 -1.80303 -0.238666 0.00662777 8.87722
0.0421053 0 -1.60606 -0.255096 0.00737349 11.2145
0.0421053 0 -1.40909 -0.235723 0.00821097 13.5384
0.0421053 0 -1.21212 -0.191253 0.0091504 15.5471
0.0421053 0 -1.01515 -0.14189 0.0102022 17.1017
0.0421053 0 -0.818182 -0.0999557 0.0113766 18.2236
0.0421053 0 -0.621212 -0.0670658 0.0126828 18.9972
0.0421053 0 -0.424242 -0.0399522 0.0141279 19.4925
0.0421053 0 -0.227273 -0.0166601 0.0157153 19.7523
0.0421053 0 -0.030303 0.00314038 0.0174424 19.8104
0.0421053 0 0.166667 0.0209143 0.0192976 19.6944
0.0421053 0 0.363636 0.039372 0.0212565 19.4103
0.0421053 0 0.560606 0.0587485 0.0232769 18.947
0.0421053 0 0.757576 0.0760772 0.0252932 18.3084
0.0421053 0 0.954545 0.0889528 0.0272106 17.5271
0.0421053 0 1.15152 0.0986128 0.0288999 16.642
0.0421053 0 1.34848 0.107562 0.030195 15.6704
0.0421053 0 1.54545 0.116013 0.030896 14.6158
0.0421053 0 1.74242 0.122836 0.0307799 13.4888
0.0421053 0 1.93939 0.129221 0.0296236 12.3021
0.0421053 0 2.13636 0.138495 0.0272392 11.0445
0.0421053 0 2.33333 0.149779 0.0235178 9.68702
0.0421053 0 2.5303 0.15281 0.0184749 8.25142
0.0421053 0 2.72727 0.133644 0.0122813 6.88445
0.0421053 0 2.92424 0.0915546 0.00526667 5.81381
0.0421053 0 3.12121 0.0417308 -0.00211397 5.1914
0.0421053 0 3.31818 0.00322739 -0.00934667 5.00009
0.0421053 0 3.51515 -0.0086651 -0.0159415 5.05516
0.0421053 0 3.71212 0.00383219 -0.0215089 5.09577
0.0421053 0 3.90909 0.0142035 -0.025808 5.00413
0.0421053 0 4.10606 0.00123541 -0.0287593 4.92112
0.0421053 0 4.30303 -0.0201709 -0.0304232 5.02604
0.0421053 0 4.5 -0.0179175 -0.0309596 5.23992
0.0421053 0 4.69697 0.00819628 -0.0305814 5.30203
0.0421053 0 4.89394 0.0297512 -0.029515 5.11858
0.0421053 0 5.09091 0.0343975 -0.0279725 4.81289
0.0421053 0 5.28788 0.0294734 -0.026135 4.51607
0.0421053 0 5.48485 0.0224747 -0.0241477 4.278
0.0421053 0 5.68182 0.0159316 -0.0221194 4.10377
0.0421053 0 5.87879 0.0115774 -0.0201277 3.98143
0.0421053 0 6.07576 0.0101617 -0.0182241 3.88502
0.0421053 0 6.27273 0.0102809 -0.0164399 3.79266
0.0421053 0 6.4697 0.010572 -0.0147918 3.6975
0.0421053 0 6.66667 0.0119975 -0.0132858 3.59594
0.0421053 0 6.86364 0.0167237 -0.0119206 3.46631
0.0421053 0 7.06061 0.0241614 -0.0106907 3.27755
0.0421053 0 7.25758 0.0302142 -0.00958749 3.02072
0.0421053 0 7.45455 0.0296625 -0.0086011 2.73522
0.0421053 0 7.65152 0.0233795 -0.00772114 2.48542
0.0421053 0 7.84848 0.0164449 -0.00693725 2.30087
0.0421053 0 8.04545 0.0110264 -0.00623953 2.17426
0.0421053 0 8.24242 0.00683181 -0.00561872 2.09225
0.0421053 0 8.43939 0.00407148 -0.00506631 2.04316
0.0421053 0 8.63636 0.00274261 -0.00457457 2.01256
0.0421053 0 8.83333 0.00175087 -0.00413656 1.99169
0.0421053 0 9.0303 2.21524e-05 -0.00374608 1.98294
0.0421053 0 9.22727 -0.00231145 -0.00339763 1.99389
0.0421053 0 9.42424 -0.00447719 -0.00308632 2.0262
0.0421053 0 9.62121 -0.00595286 -0.00280787 2.07647
0.0421053 0 9.81818 -0.00378251 -0.00255847 2.12757
0.0421053 0 10.0152 0.00708529 -0.00233479 2.12053
0.0421053 0 10.2121 0.0228037 -0.0021339 1.97878
0.0421053 0 10.4091 0.0265653 -0.00195321 1.73176
0.0421053 0 10.6061 0.0125006 -0.00179046 1.53884
0.0421053 0 10.803 -0.0041777 -0.00164365 1.50568
0.0421053 0 11 -0.0103615 -0.00151102 1.58351
0.0421053 0 11.197 -0.00877668 -0.00139104 1.67628
0.0421053 0 11.3939 -0.00588752 -0.00128233 1.74496
0.0421053 0 11.5909 -0.00331512 -0.00118371 1.78783
0.0421053 0 11.7879 -0.001391 -0.00109409 1.80929
0.0421053 0 11.9848 -0.000582235 -0.00101256 1.81765
0.0421053 0 12.1818 -0.000705013 -0.000938266 1.82355
0.0421053 0 12.3788 -0.000562569 -0.000870485 1.83025
0.0421053 0 12.5758 7.22212e-05 -0.000808561 1.83286
0.0421053 0 12.7727 0.000417669 -0.000751912 1.83017
0.0421053 0 12.9697 1.42904e-05 -0.000700023 1.82788
0.0421053 0 13.1667 -0.00029023 -0.000652434 1.82994
0.0421053 0 13.3636 0.000108484 -0.000608734 1.83141
0.0421053 0 13.5606 0.000554222 -0.000568556 1.82816
0.0421053 0 13.7576 0.000312594 -0.000531573 1.82366
0.0421053 0 13.9545 -0.000177867 -0.000497491 1.82355
0.0421053 0 14.1515 2.16928e-05 -0.000466047 1.82508
0.0421053 0 14.3485 0.000556375 -0.000437004 1.82248
0.0421053 0 14.5455 0.000574795 -0.000410149 1.8167
0.0421053 0 14.7424 5.5766e-05 -0.000385291 1.8139
0.0421053 0 14.9394 5.07115e-05 -0.000362258 1.81427
0.0421053 0 15.1364 0.000630558 -0.000340894 1.8114
0.0421053 0 15.3333 0.000964454 -0.000321058 1.80351
0.0421053 0 15.5303 0.000642414 -0.000302623 1.79571
0.0421053 0 15.7273 0.00057741 -0.000285473 1.79068
0.0421053 0 15.9242 0.00133735 -0.000269505 1.78208
0.0421053 0 16.1212 0.00229482 -0.000254622 1.76454
0.0421053 0 16.3182 0.00284758 -0.00024074 1.73941
0.0421053 0 16.5152 0.00358646 -0.000227779 1.70855
0.0421053 0 16.7121 0.00513393 -0.000215668 1.66525
0.0421053 0 16.9091 0.00538491 -0.000204342 1.60741
0.0421053 0 17.1061 0.000107915 -0.000193741 1.56313
0.0421053 0 17.303 -0.00750999 -0.000183811 1.56895
0.0421053 0 17.5 -0.0119119 -0.000174503 1.58284
0.0842105 0 -2 -0.395997 0.00596191 6.80889
0.0842105 0 -1.80303 -0.478189 0.00662513 8.86692
0.0842105 0 -1.60606 -0.511505 0.00737038 11.2149
0.0842105 0 -1.40909 -0.472338 0.00820729 13.5497
0.0842105 0 -1.21212 -0.382646 0.00914604 15.5632
0.0842105 0 -1.01515 -0.283494 0.010197 17.1167
0.0842105 0 -0.818182 -0.19959 0.0113705 18.2355
0.0842105 0 -0.621212 -0.133944 0.0126755 19.0066
0.0842105 0 -0.424242 -0.0797828 0.0141192 19.5005
0.0842105 0 -0.227273 -0.0331994 0.015705 19.7591
0.0842105 0 -0.030303 0.00635325 0.0174302 19.8163
0.0842105 0 0.166667 0.0417922 0.0192832 19.7001
0.0842105 0 0.363636 0.0786974 0.0212395 19.4164
0.0842105 0 0.560606 0.117565 0.023257 18.9531
0.0842105 0 0.757576 0.152318 0.0252701 18.3133
0.0842105 0 0.954545 0.178017 0.0271841 17.5306
0.0842105 0 1.15152 0.197237 0.0288698 16.6449
0.0842105 0 1.34848 0.215133 0.0301616 15.6733
0.0842105 0 1.54545 0.232088 0.0308597 14.6183
0.0842105 0 1.74242 0.245694 0.0307416 13.4907
0.0842105 0 1.93939 0.258327 0.0295849 12.3045
0.0842105 0 2.13636 0.276886 0.0272019 11.0481
0.0842105 0 2.33333 0.299819 0.0234843 9.69016
0.0842105 0 2.5303 0.306425 0.0184478 8.24944
0.0842105 0 2.72727 0.268125 0.0122629 6.8741
0.0842105 0 2.92424 0.183375 0.00525868 5.798
0.0842105 0 3.12121 0.0830623 -0.00211076 5.1762
0.0842105 0 3.31818 0.00548502 -0.00933259 4.99142
0.0842105 0 3.51515 -0.0182674 -0.0159179 5.05618
0.0842105 0 3.71212 0.00774466 -0.0214779 5.10129
0.0842105 0 3.90909 0.029333 -0.0257721 5.00403
0.0842105 0 4.10606 0.0028233 -0.0287209 4.91374
0.0842105 0 4.30303 -0.0412855 -0.0303845 5.02159
0.0842105 0 4.5 -0.0367709 -0.0309223 5.2458
0.0842105 0 4.69697 0.016619 -0.0305466 5.31119
0.0842105 0 4.89394 0.0601414 -0.0294835 5.12268
0.0842105 0 5.09091 0.0691064 -0.0279444 4.81227
0.0842105 0 5.28788 0.0589917 -0.0261105 4.51391
0.0842105 0 5.48485 0.0449277 -0.0241264 4.27575
0.0842105 0 5.68182 0.0317779 -0.0221012 4.10191
0.0842105 0 5.87879 0.0230382 -0.0201122 3.98054
0.0842105 0 6.07576 0.0202635 -0.018211 3.88491
0.0842105 0 6.27273 0.0205562 -0.0164288 3.79276
0.0842105 0 6.4697 0.0211035 -0.0147825 3.69764
0.0842105 0 6.66667 0.0238626 -0.0132779 3.59686
0.0842105 0 6.86364 0.0333363 -0.011914 3.46839
0.0842105 0 7.06061 0.0483536 -0.0106852 3.28004
0.0842105 0 7.25758 0.0606708 -0.00958281 3.0218
0.0842105 0 7.45455 0.0595276 -0.00859715 2.73385
0.0842105 0 7.65152 0.0467587 -0.0077178 2.48306
0.0842105 0 7.84848 0.0328203 -0.00693442 2.29888
0.0842105 0 8.04545 0.0220055 -0.00623713 2.17274
0.0842105 0 8.24242 0.0136037 -0.00561668 2.0911
0.0842105 0 8.43939 0.00807973 -0.00506457 2.04255
0.0842105 0 8.63636 0.00546359 -0.00457308 2.01226
0.0842105 0 8.83333 0.00352074 -0.00413528 1.99129
0.0842105 0 9.0303 5.7179e-05 -0.00374498 1.98224
0.0842105 0 9.22727 -0.00464325 -0.00339668 1.99314
0.0842105 0 9.42424 -0.00898106 -0.00308551 2.02556
0.0842105 0 9.62121 -0.0120301 -0.00280716 2.0763
0.0842105 0 9.81818 -0.00790205 -0.00255786 2.12945
0.0842105 0 10.0152 0.0139343 -0.00233426 2.1255
0.0842105 0 10.2121 0.0460447 -0.00213343 1.9829
0.0842105 0 10.4091 0.0538118 -0.0019528 1.72969
0.0842105 0 10.6061 0.0250643 -0.0017901 1.5328
0.0842105 0 10.803 -0.00879203 -0.00164333 1.50174
0.0842105 0 11 -0.0210097 -0.00151075 1.58324
0.0842105 0 11.197 -0.0175914 -0.0013908 1.67721
0.0842105 0 11.3939 -0.0117785 -0.00128212 1.74585
0.0842105 0 11.5909 -0.00662413 -0.00118352 1.78858
0.0842105 0 11.7879 -0.0027582 -0.00109392 1.80975
0.0842105 0 11.9848 -0.00114343 -0.00101241 1.81771
0.0842105 0 12.1818 -0.00144094 -0.000938132 1.8235
0.0842105 0 12.3788 -0.00116221 -0.000870365 1.8304
0.0842105 0 12.5758 0.000137316 -0.000808454 1.83306
0.0842105 0 12.7727 0.000848654 -0.000751816 1.83015
0.0842105 0 12.9697 5.31357e-06 -0.000699937 1.8277
0.0842105 0 13.1667 -0.000628294 -0.000652357 1.82997
0.0842105 0 13.3636 0.000195958 -0.000608664 1.8316
0.0842105 0 13.5606 0.00111657 -0.000568494 1.82821
0.0842105 0 13.7576 0.000616766 -0.000531517 1.82347
0.0842105 0 13.9545 -0.000405299 -0.00049744 1.82348
0.0842105 0 14.1515 1.10307e-05 -0.000466 1.82525
0.0842105 0 14.3485 0.00111313 -0.000436961 1.82261
0.0842105 0 14.5455 0.0011547 -0.00041011 1.81657
0.0842105 0 14.7424 7.08853e-05 -0.000385256 1.81377
0.0842105 0 14.9394 6.28157e-05 -0.000362226 1.8144
0.0842105 0 15.1364 0.00125721 -0.000340865 1.8116
0.0842105 0 15.3333 0.00194855 -0.000321031 1.8035
0.0842105 0 15.5303 0.00127208 -0.000302598 1.79558
0.0842105 0 15.7273 0.00113107 -0.000285451 1.79081
0.0842105 0 15.9242 0.00269466 -0.000269484 1.78241
0.0842105 0 16.1212 0.00466445 -0.000254604 1.76479
0.0842105 0 16.3182 0.0057997 -0.000240723 1.73955
0.0842105 0 16.5152 0.00734551 -0.000227763 1.70895
0.0842105 0 16.7121 0.01072 -0.000215654 1.66579
0.0842105 0 16.9091 0.0118706 -0.000204329 1.60689
0.0842105 0 17.1061 0.00241824 -0.000193729 1.56063
0.0842105 0 17.303 -0.0100569 -0.0001838 1.56781
0.0842105 0 17.5 -0.0117718 -0.000174492 1.58197
0.126316 0 -2 -0.594325 0.00595819 6.78402
0.126316 0 -1.80303 -0.719431 0.00662074 8.84948
0.126316 0 -1.60606 -0.770575 0.0073652 11.2156
0.126316 0 -1.40909 -0.710742 0.00820117 13.569
0.126316 0 -1.21212 -0.574297 0.0091388 15.5902
0.126316 0 -1.01515 -0.424503 0.0101885 17.1417
0.126316 0 -0.818182 -0.298566 0.0113603 18.2552
0.126316 0 -0.621212 -0.200446 0.0126634 19.0223
0.126316 0 -0.424242 -0.119366 0.0141048 19.5139
0.126316 0 -0.227273 -0.0494879 0.0156879 19.7706
0.126316 0 -0.030303 0.0097218 0.0174099 19.826
0.126316 0 0.166667 0.0626003 0.0192592 19.7096
0.126316 0 0.363636 0.117932 0.0212113 19.4267
0.126316 0 0.560606 0.176528 0.0232239 18.9633
0.126316 0 0.757576 0.2289 0.0252317 18.3214
0.126316 0 0.954545 0.267313 0.0271399 17.5363
0.126316 0 1.15152 0.29589 0.0288198 16.6497
0.126316 0 1.34848 0.322727 0.0301059 15.678
0.126316 0 1.54545 0.348298 0.0307992 14.6225
0.126316 0 1.74242 0.368609 0.0306779 13.4939
0.126316 0 1.93939 0.387205 0.0295204 12.3084
0.126316 0 2.13636 0.415064 0.0271399 11.0542
0.126316 0 2.33333 0.450379 0.0234287 9.69558
0.126316 0 2.5303 0.461683 0.0184028 8.24627
0.126316 0 2.72727 0.404318 0.0122323 6.85671
0.126316 0 2.92424 0.275737 0.00524541 5.7714
0.126316 0 3.12121 0.123604 -0.00210542 5.15062
0.126316 0 3.31818 0.00579141 -0.00930917 4.97682
0.126316 0 3.51515 -0.0297782 -0.0158787 5.05808
0.126316 0 3.71212 0.0118348 -0.0214263 5.11094
0.126316 0 3.90909 0.0463878 -0.0257123 5.00392
0.126316 0 4.10606 0.00516153 -0.028657 4.90099
0.126316 0 4.30303 -0.0643353 -0.0303202 5.01384
0.126316 0 4.5 -0.057536 -0.0308602 5.25592
0.126316 0 4.69697 0.025546 -0.0304888 5.32682
0.126316 0 4.89394 0.0918526 -0.029431 5.12946
0.126316 0 5.09091 0.104446 -0.0278977 4.81109
0.126316 0 5.28788 0.0886041 -0.0260696 4.51027
0.126316 0 5.48485 0.0673518 -0.0240911 4.272
0.126316 0 5.68182 0.0474661 -0.022071 4.09878
0.126316 0 5.87879 0.034276 -0.0200865 3.97907
0.126316 0 6.07576 0.0302604 -0.0181891 3.88476
0.126316 0 6.27273 0.0308387 -0.0164104 3.79294
0.126316 0 6.4697 0.0315726 -0.014767 3.69782
0.126316 0 6.66667 0.0354729 -0.0132649 3.59838
0.126316 0 6.86364 0.0497387 -0.0119031 3.47189
0.126316 0 7.06061 0.0726193 -0.0106759 3.28427
0.126316 0 7.25758 0.0916412 -0.00957502 3.02365
0.126316 0 7.45455 0.0898223 -0.00859057 2.73149
0.126316 0 7.65152 0.0701488 -0.00771224 2.47907
0.126316 0 7.84848 0.0490715 -0.00692971 2.29556
0.126316 0 8.04545 0.0329111 -0.00623313 2.17022
0.126316 0 8.24242 0.0202744 -0.00561328 2.08917
0.126316 0 8.43939 0.0119794 -0.00506166 2.04153
0.126316 0 8.63636 0.00816173 -0.0045706 2.01178
0.126316 0 8.83333 0.00535138 -0.00413315 1.99064
0.126316 0 9.0303 0.000140994 -0.00374316 1.98105
0.126316 0 9.22727 -0.0069957 -0.00339511 1.9919
0.126316 0 9.42424 -0.0135118 -0.00308415 2.02447
0.126316 0 9.62121 -0.0183265 -0.00280599 2.07596
0.126316 0 9.81818 -0.0126832 -0.00255684 2.13251
0.126316 0 10.0152 0.0203071 -0.00233337 2.13394
0.126316 0 10.2121 0.0702043 -0.00213266 1.99003
0.126316 0 10.4091 0.0824864 -0.00195212 1.72613
0.126316 0 10.6061 0.0377744 -0.00178951 1.52247
0.126316 0 10.803 -0.0142822 -0.00164281 1.49512
0.126316 0 11 -0.0322042 -0.00151029 1.58291
0.126316 0 11.197 -0.0264428 -0.00139039 1.67879
0.126316 0 11.3939 -0.0176465 -0.00128176 1.74733
0.126316 0 11.5909 -0.00989024 -0.0011832 1.78983
0.126316 0 11.7879 -0.00404558 -0.00109364 1.81053
0.126316 0 11.9848 -0.00162702 -0.00101216 1.8178
0.126316 0 12.1818 -0.00220784 -0.000937909 1.82338
0.126316 0 12.3788 -0.00180276 -0.000870166 1.83067
0.126316 0 12.5758 0.000223631 -0.000808275 1.83342
0.126316 0 12.7727 0.00134525 -0.000751656 1.83012
0.126316 0 12.9697 -1.3938e-05 -0.000699794 1.82736
0.126316 0 13.1667 -0.00102645 -0.000652228 1.83002
0.126316 0 13.3636 0.000279884 -0.000608548 1.83192
0.126316 0 13.5606 0.00173608 -0.000568389 1.82831
0.126316 0 13.7576 0.000945178 -0.000531422 1.82314
0.126316 0 13.9545 -0.000695159 -0.000497354 1.82337
0.126316 0 14.1515 -2.50492e-05 -0.000465923 1.82554
0.126316 0 14.3485 0.00171052 -0.000436891 1.82283
0.126316 0 14.5455 0.00178556 -0.000410046 1.81635
0.126316 0 14.7424 3.7514e-05 -0.000385198 1.81353
0.126316 0 14.9394 2.87161e-05 -0.000362173 1.81463
0.126316 0 15.1364 0.00190264 -0.000340816 1.81194
0.126316 0 15.3333 0.00299239 -0.000320987 1.80348
0.126316 0 15.5303 0.00187886 -0.000302558 1.79534
0.126316 0 15.7273 0.00161712 -0.000285414 1.79102
0.126316 0 15.9242 0.00403826 -0.00026945 1.78297
0.126316 0 16.1212 0.00707203 -0.000254572 1.76523
0.126316 0 16.3182 0.00874129 -0.000240694 1.73977
0.126316 0 16.5152 0.0110216 -0.000227737 1.70965
0.126316 0 16.7121 0.0163619 -0.000215629 1.66676
0.126316 0 16.9091 0.0187598 -0.000204306 1.60619
0.126316 0 17.1061 0.00493549 -0.000193708 1.55657
0.126316 0 17.303 -0.0132031 -0.000183781 1.56667
0.126316 0 17.5 -0.0113934 -0.000174474 1.58177
0.168421 0 -2 -0.793001 0.00595297 6.74877
0.168421 0 -1.80303 -0.963272 0.00661461 8.82449
0.168421 0 -1.60606 -1.03374 0.00735796 11.2166
0.168421 0 -1.40909 -0.951859 0.00819262 13.5965
0.168421 0 -1.21212 -0.766295 0.00912867 15.6285
0.168421 0 -1.01515 -0.56458 0.0101764 17.177
0.168421 0 -0.818182 -0.39654 0.011346 18.2827
0.168421 0 -0.621212 -0.266391 0.0126465 19.0441
0.168421 0 -0.424242 -0.158584 0.0140847 19.5327
0.168421 0 -0.227273 -0.0653951 0.015664 19.7867
0.168421 0 -0.030303 0.0133326 0.0173815 19.8396
0.168421 0 0.166667 0.083292 0.0192256 19.7227
0.168421 0 0.363636 0.157017 0.0211718 19.4412
0.168421 0 0.560606 0.235711 0.0231777 18.9777
0.168421 0 0.757576 0.306011 0.025178 18.3329
0.168421 0 0.954545 0.356964 0.0270782 17.5442
0.168421 0 1.15152 0.394572 0.0287499 16.6564
0.168421 0 1.34848 0.430349 0.0300283 15.6847
0.168421 0 1.54545 0.464722 0.0307149 14.6283
0.168421 0 1.74242 0.491625 0.0305891 13.4983
0.168421 0 1.93939 0.515728 0.0294305 12.3137
0.168421 0 2.13636 0.552886 0.0270534 11.0627
0.168421 0 2.33333 0.601695 0.0233512 9.70359
0.168421 0 2.5303 0.619462 0.01834 8.24216
0.168421 0 2.72727 0.543143 0.0121897 6.8321
0.168421 0 2.92424 0.368914 0.00522692 5.73364
0.168421 0 3.12121 0.162957 -0.00209798 5.11434
0.168421 0 3.31818 0.003116 -0.00927652 4.95605
0.168421 0 3.51515 -0.044268 -0.015824 5.06119
0.168421 0 3.71212 0.0162063 -0.0213544 5.12541
0.168421 0 3.90909 0.0664892 -0.0256289 5.00395
0.168421 0 4.10606 0.00871307 -0.028568 4.88218
0.168421 0 4.30303 -0.0904407 -0.0302304 5.00224
0.168421 0 4.5 -0.0813034 -0.0307736 5.27084
0.168421 0 4.69697 0.0353316 -0.030408 5.34946
0.168421 0 4.89394 0.125621 -0.0293577 5.13883
0.168421 0 5.09091 0.140716 -0.0278325 4.80916
0.168421 0 5.28788 0.118335 -0.0260126 4.50506
0.168421 0 5.48485 0.0897362 -0.0240418 4.26672
0.168421 0 5.68182 0.0629137 -0.0220287 4.09434
0.168421 0 5.87879 0.0451694 -0.0200505 3.97704
0.168421 0 6.07576 0.0401007 -0.0181587 3.88461
0.168421 0 6.27273 0.0411407 -0.0163847 3.79321
0.168421 0 6.4697 0.0419574 -0.0147453 3.69801
0.168421 0 6.66667 0.0466865 -0.0132466 3.60046
0.168421 0 6.86364 0.0658156 -0.0118877 3.47684
0.168421 0 7.06061 0.0969828 -0.010663 3.29035
0.168421 0 7.25758 0.123413 -0.00956412 3.02635
0.168421 0 7.45455 0.120779 -0.00858138 2.72803
0.168421 0 7.65152 0.0935377 -0.00770446 2.47337
0.168421 0 7.84848 0.0651269 -0.00692312 2.29091
0.168421 0 8.04545 0.0437123 -0.00622754 2.1667
0.168421 0 8.24242 0.0267916 -0.00560852 2.08644
0.168421 0 8.43939 0.0157114 -0.00505761 2.04014
0.168421 0 8.63636 0.0108258 -0.00456713 2.01114
0.168421 0 8.83333 0.00727779 -0.00413018 1.98975
0.168421 0 9.0303 0.000302181 -0.0037406 1.97935
0.168421 0 9.22727 -0.00938472 -0.00339291 1.99016
0.168421 0 9.42424 -0.0180733 -0.00308225 2.02294
0.168421 0 9.62121 -0.0249354 -0.00280434 2.07534
0.168421 0 9.81818 -0.0184849 -0.00255541 2.13665
0.168421 0 10.0152 0.0258919 -0.00233213 2.14611
0.168421 0 10.2121 0.0957892 -0.00213157 2.00054
0.168421 0 10.4091 0.113406 -0.00195118 1.7209
0.168421 0 10.6061 0.0506862 -0.00178867 1.50744
0.168421 0 10.803 -0.0211646 -0.00164208 1.48574
0.168421 0 11 -0.0442212 -0.00150964 1.58272
0.168421 0 11.197 -0.0353224 -0.00138982 1.68109
0.168421 0 11.3939 -0.0234816 -0.00128126 1.7494
0.168421 0 11.5909 -0.0130925 -0.00118275 1.79159
0.168421 0 11.7879 -0.00521221 -0.00109325 1.81163
0.168421 0 11.9848 -0.00198637 -0.0010118 1.81789
0.168421 0 12.1818 -0.00302856 -0.000937596 1.82319
0.168421 0 12.3788 -0.00250752 -0.000869887 1.83107
0.168421 0 12.5758 0.000342077 -0.000808026 1.83394
0.168421 0 12.7727 0.00194762 -0.000751433 1.83008
0.168421 0 12.9697 -5.06833e-05 -0.000699593 1.82685
0.168421 0 13.1667 -0.00152037 -0.000652047 1.8301
0.168421 0 13.3636 0.000358423 -0.000608386 1.8324
0.168421 0 13.5606 0.00244584 -0.000568242 1.82846
0.168421 0 13.7576 0.00131421 -0.000531289 1.82263
0.168421 0 13.9545 -0.00108672 -0.000497234 1.8232
0.168421 0 14.1515 -9.99233e-05 -0.000465814 1.82597
0.168421 0 14.3485 0.00237074 -0.000436792 1.82317
0.168421 0 14.5455 0.00250088 -0.000409957 1.81602
0.168421 0 14.7424 -7.62031e-05 -0.000385116 1.81317
0.168421 0 14.9394 -7.70019e-05 -0.000362099 1.81497
0.168421 0 15.1364 0.00257671 -0.000340748 1.81244
0.168421 0 15.3333 0.00413359 -0.000320925 1.80345
0.168421 0 15.5303 0.0024482 -0.000302501 1.79495
0.168421 0 15.7273 0.00199663 -0.000285362 1.79134
0.168421 0 15.9242 0.00536123 -0.000269402 1.78377
0.168421 0 16.1212 0.00954121 -0.000254529 1.76586
0.168421 0 16.3182 0.011669 -0.000240654 1.74005
0.168421 0 16.5152 0.0145599 -0.0002277 1.71065
0.168421 0 16.7121 0.0220718 -0.000215595 1.66825
0.168421 0 16.9091 0.0262597 -0.000204275 1.60541
0.168421 0 17.1061 0.0078154 -0.000193679 1.55064
0.168421 0 17.303 -0.0174912 -0.000183754 1.56571
0.168421 0 17.5 -0.0106493 -0.00017445 1.5822
0.210526 0 -2 -0.992065 0.00594627 6.70268
0.210526 0 -1.80303 -1.21062 0.00660673 8.79132
0.210526 0 -1.60606 -1.30256 0.00734867 11.2178
0.210526 0 -1.40909 -1.19665 0.00818163 13.6329
0.210526 0 -1.21212 -0.958682 0.00911566 15.6785
0.210526 0 -1.01515 -0.703342 0.010161 17.2225
0.210526 0 -0.818182 -0.493145 0.0113277 18.318
0.210526 0 -0.621212 -0.331616 0.0126247 19.0721
0.210526 0 -0.424242 -0.19733 0.0140589 19.5568
0.210526 0 -0.227273 -0.0807839 0.0156333 19.8073
0.210526 0 -0.030303 0.0172845 0.0173452 19.857
0.210526 0 0.166667 0.103805 0.0191826 19.7395
0.210526 0 0.363636 0.195877 0.0211212 19.4599
0.210526 0 0.560606 0.295191 0.0231185 18.9964
0.210526 0 0.757576 0.383862 0.0251092 18.3476
0.210526 0 0.954545 0.447095 0.0269992 17.5542
0.210526 0 1.15152 0.493273 0.0286605 16.6649
0.210526 0 1.34848 0.537995 0.0299288 15.6934
0.210526 0 1.54545 0.58145 0.030607 14.6359
0.210526 0 1.74242 0.6148 0.0304755 13.5038
0.210526 0 1.93939 0.643748 0.0293154 12.3205
0.210526 0 2.13636 0.690164 0.0269428 11.074
0.210526 0 2.33333 0.753965 0.023252 9.71462
0.210526 0 2.5303 0.780714 0.0182597 8.23745
0.210526 0 2.72727 0.685605 0.0121352 6.79995
0.210526 0 2.92424 0.463174 0.00520327 5.68421
0.210526 0 3.12121 0.200721 -0.00208847 5.06685
0.210526 0 3.31818 -0.00363576 -0.00923478 4.92877
0.210526 0 3.51515 -0.0629576 -0.015754 5.06595
0.210526 0 3.71212 0.0209804 -0.0212624 5.14573
0.210526 0 3.90909 0.0909606 -0.0255223 5.00429
0.210526 0 4.10606 0.0140552 -0.028454 4.85628
0.210526 0 4.30303 -0.120919 -0.0301155 4.98596
0.210526 0 4.5 -0.109336 -0.0306628 5.29139
0.210526 0 4.69697 0.0464692 -0.0303047 5.37994
0.210526 0 4.89394 0.162275 -0.0292638 5.15064
0.210526 0 5.09091 0.178195 -0.027749 4.80615
0.210526 0 5.28788 0.148182 -0.0259394 4.49819
0.210526 0 5.48485 0.112076 -0.0239785 4.2599
0.210526 0 5.68182 0.0780337 -0.0219745 4.08851
0.210526 0 5.87879 0.0555842 -0.0200043 3.97447
0.210526 0 6.07576 0.0497335 -0.0181196 3.88449
0.210526 0 6.27273 0.0514846 -0.0163517 3.79361
0.210526 0 6.4697 0.0522488 -0.0147175 3.6981
0.210526 0 6.66667 0.0573417 -0.0132232 3.60308
0.210526 0 6.86364 0.081441 -0.011868 3.48331
0.210526 0 7.06061 0.12145 -0.0106464 3.29844
0.210526 0 7.25758 0.156316 -0.00955013 3.03004
0.210526 0 7.45455 0.152649 -0.00856957 2.72329
0.210526 0 7.65152 0.116891 -0.00769448 2.46585
0.210526 0 7.84848 0.0809033 -0.00691467 2.28495
0.210526 0 8.04545 0.0543868 -0.00622036 2.16221
0.210526 0 8.24242 0.0331001 -0.00560241 2.08288
0.210526 0 8.43939 0.0192105 -0.0050524 2.03839
0.210526 0 8.63636 0.013445 -0.00456267 2.01038
0.210526 0 8.83333 0.00934034 -0.00412636 1.98865
0.210526 0 9.0303 0.000575503 -0.00373732 1.97711
0.210526 0 9.22727 -0.0118346 -0.00339008 1.98791
0.210526 0 9.42424 -0.0226574 -0.00307981 2.02094
0.210526 0 9.62121 -0.0319284 -0.00280223 2.07431
0.210526 0 9.81818 -0.0256986 -0.00255357 2.1417
0.210526 0 10.0152 0.030278 -0.00233053 2.16237
0.210526 0 10.2121 0.123365 -0.00213018 2.01506
0.210526 0 10.4091 0.147521 -0.00194996 1.71374
0.210526 0 10.6061 0.0638309 -0.00178761 1.4871
0.210526 0 10.803 -0.0300591 -0.00164114 1.47348
0.210526 0 11 -0.0573358 -0.00150882 1.58296
0.210526 0 11.197 -0.0441865 -0.0013891 1.68418
0.210526 0 11.3939 -0.0292774 -0.00128062 1.75206
0.210526 0 11.5909 -0.0162102 -0.00118218 1.79388
0.210526 0 11.7879 -0.00621669 -0.00109274 1.81307
0.210526 0 11.9848 -0.00216354 -0.00101135 1.81796
0.210526 0 12.1818 -0.00393668 -0.000937195 1.82287
0.210526 0 12.3788 -0.00330263 -0.000869528 1.83161
0.210526 0 12.5758 0.000503549 -0.000807705 1.83466
0.210526 0 12.7727 0.00270561 -0.000751145 1.83003
0.210526 0 12.9697 -0.000115291 -0.000699335 1.82611
0.210526 0 13.1667 -0.00215264 -0.000651815 1.83022
0.210526 0 13.3636 0.000429742 -0.000608177 1.83306
0.210526 0 13.5606 0.00328413 -0.000568053 1.82869
0.210526 0 13.7576 0.00174667 -0.000531119 1.82191
0.210526 0 13.9545 -0.00163029 -0.00049708 1.82298
0.210526 0 14.1515 -0.000227262 -0.000465674 1.82657
0.210526 0 14.3485 0.00311763 -0.000436665 1.82365
0.210526 0 14.5455 0.00334575 -0.000409841 1.81555
0.210526 0 14.7424 -0.000313244 -0.000385011 1.81265
0.210526 0 14.9394 -0.000281917 -0.000362003 1.81545
0.210526 0 15.1364 0.00328948 -0.000340661 1.81313
0.210526 0 15.3333 0.00542018 -0.000320845 1.8034
0.210526 0 15.5303 0.00296084 -0.000302428 1.79438
0.210526 0 15.7273 0.00222469 -0.000285295 1.79178
0.210526 0 15.9242 0.00665679 -0.000269341 1.78485
0.210526 0 16.1212 0.0121018 -0.000254472 1.76669
0.210526 0 16.3182 0.0145837 -0.000240602 1.74033
0.210526 0 16.5152 0.0178911 -0.000227652 1.71196
0.210526 0 16.7121 0.027848 -0.000215552 1.67034
0.210526 0 16.9091 0.0345907 -0.000204235 1.60471
0.210526 0 17.1061 0.011356 -0.000193642 1.54238
0.210526 0 17.303 -0.0237708 -0.00018372 1.56526
0.210526 0 17.5 -0.00931165 -0.000174418 1.58306
0.252632 0 -2 -1.19148 0.00593811 6.64518
0.252632 0 -1.80303 -1.4624 0.00659711 8.74912
0.252632 0 -1.60606 -1.5788 0.00733733 11.2192
0.252632 0 -1.40909 -1.44611 0.00816824 13.679
0.252632 0 -1.21212 -1.15143 0.00909981 15.741
0.252632 0 -1.01515 -0.840338 0.0101422 17.2786
0.252632 0 -0.818182 -0.587983 0.0113054 18.3608
0.252632 0 -0.621212 -0.395978 0.0125982 19.106
0.252632 0 -0.424242 -0.235505 0.0140274 19.5863
0.252632 0 -0.227273 -0.0955085 0.0155959 19.8326
0.252632 0 -0.030303 0.0216956 0.0173009 19.8779
0.252632 0 0.166667 0.124054 0.0191303 19.7598
0.252632 0 0.363636 0.234411 0.0210595 19.483
0.252632 0 0.560606 0.355046 0.0230463 19.0195
0.252632 0 0.757576 0.462695 0.0250255 18.3657
0.252632 0 0.954545 0.537841 0.0269031 17.5662
0.252632 0 1.15152 0.591957 0.0285516 16.6751
0.252632 0 1.34848 0.645651 0.0298079 15.7042
0.252632 0 1.54545 0.69859 0.0304757 14.6453
0.252632 0 1.74242 0.738221 0.0303374 13.5102
0.252632 0 1.93939 0.77109 0.0291756 12.3284
0.252632 0 2.13636 0.826647 0.0268084 11.088
0.252632 0 2.33333 0.907334 0.0231316 9.72925
0.252632 0 2.5303 0.946494 0.0181622 8.23265
0.252632 0 2.72727 0.832827 0.012069 6.75983
0.252632 0 2.92424 0.558774 0.00517456 5.62241
0.252632 0 3.12121 0.236501 -0.00207692 5.00755
0.252632 0 3.31818 -0.0156394 -0.00918413 4.89444
0.252632 0 3.51515 -0.0872891 -0.015669 5.07294
0.252632 0 3.71212 0.0263003 -0.0211507 5.17333
0.252632 0 3.90909 0.121414 -0.0253928 5.00521
0.252632 0 4.10606 0.0219327 -0.0283156 4.82188
0.252632 0 4.30303 -0.157374 -0.0299759 4.9638
0.252632 0 4.5 -0.143148 -0.0305281 5.31878
0.252632 0 4.69697 0.0596646 -0.030179 5.41935
0.252632 0 4.89394 0.202769 -0.0291497 5.16462
0.252632 0 5.09091 0.217123 -0.0276475 4.80166
0.252632 0 5.28788 0.178099 -0.0258505 4.48955
0.252632 0 5.48485 0.134377 -0.0239015 4.25155
0.252632 0 5.68182 0.0927324 -0.0219085 4.08116
0.252632 0 5.87879 0.065369 -0.0199481 3.97143
0.252632 0 6.07576 0.0591098 -0.018072 3.88449
0.252632 0 6.27273 0.0619054 -0.0163115 3.79419
0.252632 0 6.4697 0.0624606 -0.0146836 3.69796
0.252632 0 6.66667 0.0672462 -0.0131947 3.60621
0.252632 0 6.86364 0.0964766 -0.011844 3.49137
0.252632 0 7.06061 0.145998 -0.0106261 3.30876
0.252632 0 7.25758 0.19074 -0.00953307 3.0349
0.252632 0 7.45455 0.185715 -0.00855517 2.71701
0.252632 0 7.65152 0.140139 -0.0076823 2.45635
0.252632 0 7.84848 0.0963019 -0.00690435 2.27769
0.252632 0 8.04545 0.0649255 -0.0062116 2.15678
0.252632 0 8.24242 0.0391397 -0.00559496 2.07844
0.252632 0 8.43939 0.0224036 -0.00504604 2.03633
0.252632 0 8.63636 0.0160087 -0.00455724 2.00954
0.252632 0 8.83333 0.0115859 -0.0041217 1.98739
0.252632 0 9.0303 0.00100656 -0.00373331 1.97425
0.252632 0 9.22727 -0.0143834 -0.00338663 1.98517
0.252632 0 9.42424 -0.0272398 -0.00307683 2.01847
0.252632 0 9.62121 -0.039344 -0.00279964 2.07269
0.252632 0 9.81818 -0.0347547 -0.00255133 2.14738
0.252632 0 10.0152 0.0329067 -0.00232858 2.18318
0.252632 0 10.2121 0.153578 -0.00212848 2.03446
0.252632 0 10.4091 0.185979 -0.00194847 1.70424
0.252632 0 10.6061 0.0772019 -0.0017863 1.46064
0.252632 0 10.803 -0.0417402 -0.00164 1.45818
0.252632 0 11 -0.0718138 -0.00150781 1.58407
0.252632 0 11.197 -0.0529391 -0.00138821 1.68813
0.252632 0 11.3939 -0.0350366 -0.00127983 1.7553
0.252632 0 11.5909 -0.0192223 -0.00118149 1.79672
0.252632 0 11.7879 -0.0070182 -0.00109212 1.81487
0.252632 0 11.9848 -0.00208159 -0.0010108 1.81798
0.252632 0 12.1818 -0.00498429 -0.000936704 1.82239
0.252632 0 12.3788 -0.0042168 -0.00086909 1.83234
0.252632 0 12.5758 0.000718225 -0.000807313 1.8356
0.252632 0 12.7727 0.00368357 -0.000750794 1.82998
0.252632 0 12.9697 -0.00022377 -0.00069902 1.82507
0.252632 0 13.1667 -0.002975 -0.000651532 1.83042
0.252632 0 13.3636 0.000492185 -0.000607921 1.83394
0.252632 0 13.5606 0.00429549 -0.000567823 1.82901
0.252632 0 13.7576 0.00227678 -0.000530911 1.82089
0.252632 0 13.9545 -0.00239339 -0.000496892 1.8227
0.252632 0 14.1515 -0.000420153 -0.000465503 1.82737
0.252632 0 14.3485 0.00397595 -0.00043651 1.8243
0.252632 0 14.5455 0.00438488 -0.000409701 1.8149
0.252632 0 14.7424 -0.000735612 -0.000384883 1.81194
0.252632 0 14.9394 -0.000615205 -0.000361886 1.8161
0.252632 0 15.1364 0.00405037 -0.000340554 1.81404
0.252632 0 15.3333 0.00691611 -0.000320748 1.80335
0.252632 0 15.5303 0.00338919 -0.000302339 1.79353
0.252632 0 15.7273 0.00224878 -0.000285213 1.79235
0.252632 0 15.9242 0.00791841 -0.000269266 1.78622
0.252632 0 16.1212 0.0147912 -0.000254404 1.76775
0.252632 0 16.3182 0.0174946 -0.000240539 1.74053
0.252632 0 16.5152 0.0209245 -0.000227594 1.7136
0.252632 0 16.7121 0.03367 -0.000215498 1.67315
0.252632 0 16.9091 0.043977 -0.000204185 1.60436
0.252632 0 17.1061 0.0161299 -0.000193596 1.53115
0.252632 0 17.303 -0.0335251 -0.000183677 1.56594
0.252632 0 17.5 -0.00697197 -0.000174379 1.58365
0.294737 0 -2 -1.39112 0.00592847 6.57557
0.294737 0 -1.80303 -1.71957 0.00658578 8.69676
0.294737 0 -1.60606 -1.86448 0.00732397 11.2208
0.294737 0 -1.40909 -1.70129 0.00815245 13.736
0.294737 0 -1.21212 -1.3444 0.00908111 15.8168
0.294737 0 -1.01515 -0.975039 0.0101201 17.3454
0.294737 0 -0.818182 -0.680621 0.0112791 18.411
0.294737 0 -0.621212 -0.459369 0.012567 19.1456
0.294737 0 -0.424242 -0.273028 0.0139903 19.6211
0.294737 0 -0.227273 -0.109412 0.0155519 19.8625
0.294737 0 -0.030303 0.026714 0.0172487 19.9024
0.294737 0 0.166667 0.14392 0.0190687 19.7835
0.294737 0 0.363636 0.27249 0.020987 19.5104
0.294737 0 0.560606 0.415358 0.0229615 19.0473
0.294737 0 0.757576 0.542797 0.024927 18.3872
0.294737 0 0.954545 0.629348 0.0267901 17.5799
0.294737 0 1.15152 0.69056 0.0284238 16.6871
0.294737 0 1.34848 0.753282 0.0296659 15.717
0.294737 0 1.54545 0.816274 0.0303217 14.6565
0.294737 0 1.74242 0.862012 0.0301752 13.5174
0.294737 0 1.93939 0.897547 0.0290116 12.3374
0.294737 0 2.13636 0.962009 0.0266508 11.105
0.294737 0 2.33333 1.06186 0.0229903 9.74823
0.294737 0 2.5303 1.118 0.018048 8.22845
0.294737 0 2.72727 0.986093 0.0119915 6.71115
0.294737 0 2.92424 0.655944 0.00514093 5.54738
0.294737 0 3.12121 0.269911 -0.00206339 4.93568
0.294737 0 3.31818 -0.0341625 -0.00912476 4.85235
0.294737 0 3.51515 -0.119018 -0.0155695 5.08291
0.294737 0 3.71212 0.0323347 -0.0210198 5.21014
0.294737 0 3.90909 0.159858 -0.025241 5.00708
0.294737 0 4.10606 0.0333242 -0.0281532 4.77711
0.294737 0 4.30303 -0.201804 -0.0298121 4.93407
0.294737 0 4.5 -0.184598 -0.03037 5.35476
0.294737 0 4.69697 0.0759388 -0.0300315 5.46917
0.294737 0 4.89394 0.248211 -0.0290156 5.18031
0.294737 0 5.09091 0.257682 -0.0275281 4.79515
0.294737 0 5.28788 0.207991 -0.0257459 4.47901
0.294737 0 5.48485 0.156662 -0.023811 4.24168
0.294737 0 5.68182 0.106905 -0.0218308 4.07211
0.294737 0 5.87879 0.0743505 -0.019882 3.96797
0.294737 0 6.07576 0.0681837 -0.0180159 3.88468
0.294737 0 6.27273 0.0724507 -0.0162641 3.79501
0.294737 0 6.4697 0.0726458 -0.0146437 3.69741
0.294737 0 6.66667 0.0761616 -0.013161 3.60979
0.294737 0 6.86364 0.110773 -0.0118157 3.50109
0.294737 0 7.06061 0.170555 -0.0106023 3.32159
0.294737 0 7.25758 0.227166 -0.00951297 3.04125
0.294737 0 7.45455 0.22029 -0.0085382 2.70881
0.294737 0 7.65152 0.163164 -0.00766795 2.44469
0.294737 0 7.84848 0.111203 -0.00689219 2.26915
0.294737 0 8.04545 0.0753394 -0.00620128 2.15046
0.294737 0 8.24242 0.0448401 -0.00558617 2.07301
0.294737 0 8.43939 0.0252092 -0.00503854 2.03402
0.294737 0 8.63636 0.0185076 -0.00455082 2.00867
0.294737 0 8.83333 0.0140676 -0.00411621 1.98601
0.294737 0 9.0303 0.0016605 -0.00372859 1.97069
0.294737 0 9.22727 -0.0170917 -0.00338256 1.98194
0.294737 0 9.42424 -0.0317746 -0.00307331 2.01551
0.294737 0 9.62121 -0.0471744 -0.0027966 2.07027
0.294737 0 9.81818 -0.0461229 -0.00254869 2.15328
0.294737 0 10.0152 0.0330031 -0.00232628 2.20918
0.294737 0 10.2121 0.187178 -0.00212647 2.05998
0.294737 0 10.4091 0.230209 -0.00194671 1.69178
0.294737 0 10.6061 0.0907393 -0.00178476 1.42696
0.294737 0 10.803 -0.0572102 -0.00163865 1.43965
0.294737 0 11 -0.0878922 -0.00150662 1.58667
0.294737 0 11.197 -0.0614082 -0.00138716 1.69299
0.294737 0 11.3939 -0.0407802 -0.0012789 1.75912
0.294737 0 11.5909 -0.0221058 -0.00118066 1.80011
0.294737 0 11.7879 -0.00757934 -0.00109139 1.81707
0.294737 0 11.9848 -0.0016319 -0.00101015 1.81791
0.294737 0 12.1818 -0.0062556 -0.000936125 1.82166
0.294737 0 12.3788 -0.0052792 -0.000868573 1.8333
0.294737 0 12.5758 0.000994104 -0.00080685 1.8368
0.294737 0 12.7727 0.00496607 -0.00075038 1.82995
0.294737 0 12.9697 -0.000402497 -0.000698648 1.82358
0.294737 0 13.1667 -0.00404974 -0.000651197 1.83072
0.294737 0 13.3636 0.000544607 -0.00060762 1.83507
0.294737 0 13.5606 0.00553031 -0.000567551 1.82949
0.294737 0 13.7576 0.00295956 -0.000530665 1.81947
0.294737 0 13.9545 -0.0034695 -0.000496669 1.82236
0.294737 0 14.1515 -0.000689143 -0.000465302 1.82841
0.294737 0 14.3485 0.00496888 -0.000436327 1.82518
0.294737 0 14.5455 0.00571598 -0.000409534 1.81404
0.294737 0 14.7424 -0.00143805 -0.000384732 1.81096
0.294737 0 14.9394 -0.00110531 -0.000361748 1.81696
0.294737 0 15.1364 0.0048665 -0.000340428 1.81521
0.294737 0 15.3333 0.00870843 -0.000320633 1.80331
0.294737 0 15.5303 0.00369026 -0.000302234 1.7923
0.294737 0 15.7273 0.00200836 -0.000285117 1.79311
0.294737 0 15.9242 0.00913987 -0.000269178 1.78794
0.294737 0 16.1212 0.0176552 -0.000254323 1.76907
0.294737 0 16.3182 0.0204264 -0.000240464 1.74052
0.294737 0 16.5152 0.0235405 -0.000227526 1.71557
0.294737 0 16.7121 0.0394942 -0.000215435 1.67681
0.294737 0 16.9091 0.0546196 -0.000204127 1.60472
0.294737 0 17.1061 0.0232145 -0.000193543 1.51616
0.294737 0 17.303 -0.0496004 -0.000183628 1.56889
0.294737 0 17.5 -0.00286444 -0.000174333 1.58184
0.336842 0 -2 -1.59069 0.00591738 6.493
0.336842 0 -1.80303 -1.98309 0.00657273 8.63273
0.336842 0 -1.60606 -2.16202 0.00730859 11.2224
0.336842 0 -1.40909 -1.96328 0.00813428 13.8055
0.336842 0 -1.21212 -1.53735 0.00905961 15.9066
0.336842 0 -1.01515 -1.10681 0.0100946 17.4233
0.336842 0 -0.818182 -0.770568 0.0112489 18.4683
0.336842 0 -0.621212 -0.521734 0.0125311 19.1909
0.336842 0 -0.424242 -0.309832 0.0139477 19.6612
0.336842 0 -0.227273 -0.122325 0.0155013 19.897
0.336842 0 -0.030303 0.0325341 0.0171888 19.9303
0.336842 0 0.166667 0.163231 0.0189979 19.8103
0.336842 0 0.363636 0.309945 0.0209037 19.5425
0.336842 0 0.560606 0.476207 0.0228641 19.0799
0.336842 0 0.757576 0.624518 0.0248141 18.4121
0.336842 0 0.954545 0.721772 0.0266605 17.5951
0.336842 0 1.15152 0.788981 0.0282772 16.7006
0.336842 0 1.34848 0.860833 0.0295032 15.7321
0.336842 0 1.54545 0.93466 0.0301452 14.6697
0.336842 0 1.74242 0.986358 0.0299897 13.5251
0.336842 0 1.93939 1.02286 0.028824 12.3472
0.336842 0 2.13636 1.09583 0.0264706 11.1251
0.336842 0 2.33333 1.21748 0.0228289 9.77249
0.336842 0 2.5303 1.29663 0.0179174 8.22581
0.336842 0 2.72727 1.1469 0.0119029 6.65308
0.336842 0 2.92424 0.754849 0.00510249 5.45807
0.336842 0 3.12121 0.300597 -0.00204793 4.85036
0.336842 0 3.31818 -0.0605637 -0.00905692 4.80148
0.336842 0 3.51515 -0.160335 -0.0154557 5.09675
0.336842 0 3.71212 0.0392809 -0.0208701 5.25869
0.336842 0 3.90909 0.208831 -0.0250674 5.01039
0.336842 0 4.10606 0.0495225 -0.0279675 4.71957
0.336842 0 4.30303 -0.256738 -0.0296247 4.89434
0.336842 0 4.5 -0.236 -0.0301889 5.40186
0.336842 0 4.69697 0.0967674 -0.0298625 5.53127
0.336842 0 4.89394 0.299884 -0.0288619 5.19695
0.336842 0 5.09091 0.299966 -0.0273912 4.78596
0.336842 0 5.28788 0.23769 -0.0256259 4.46643
0.336842 0 5.48485 0.178983 -0.0237071 4.23039
0.336842 0 5.68182 0.120427 -0.0217417 4.06107
0.336842 0 5.87879 0.0823325 -0.0198061 3.96426
0.336842 0 6.07576 0.0769141 -0.0179515 3.88516
0.336842 0 6.27273 0.0831757 -0.0162097 3.7962
0.336842 0 6.4697 0.0829295 -0.0145978 3.69614
0.336842 0 6.66667 0.0837807 -0.0131224 3.61382
0.336842 0 6.86364 0.124174 -0.0117831 3.51255
0.336842 0 7.06061 0.194977 -0.0105749 3.33726
0.336842 0 7.25758 0.266203 -0.00948984 3.04952
0.336842 0 7.45455 0.256715 -0.00851867 2.6981
0.336842 0 7.65152 0.185786 -0.00765143 2.43067
0.336842 0 7.84848 0.125464 -0.00687819 2.2594
0.336842 0 8.04545 0.0856668 -0.00618939 2.14336
0.336842 0 8.24242 0.0501103 -0.00557605 2.06644
0.336842 0 8.43939 0.0275388 -0.00502991 2.03155
0.336842 0 8.63636 0.0209333 -0.00454344 2.00784
0.336842 0 8.83333 0.016841 -0.00410987 1.98461
0.336842 0 9.0303 0.00263983 -0.00372315 1.96626
0.336842 0 9.22727 -0.0200536 -0.00337787 1.97828
0.336842 0 9.42424 -0.0361887 -0.00306926 2.0121
0.336842 0 9.62121 -0.0553485 -0.00279309 2.0668
0.336842 0 9.81818 -0.0602979 -0.00254564 2.15879
0.336842 0 10.0152 0.0294843 -0.00232363 2.24114
0.336842 0 10.2121 0.225023 -0.00212416 2.09336
0.336842 0 10.4091 0.282038 -0.00194469 1.67543
0.336842 0 10.6061 0.10431 -0.00178299 1.38472
0.336842 0 10.803 -0.0778096 -0.00163709 1.41767
0.336842 0 11 -0.10574 -0.00150525 1.59162
0.336842 0 11.197 -0.0693121 -0.00138595 1.69878
0.336842 0 11.3939 -0.0465629 -0.00127783 1.76349
0.336842 0 11.5909 -0.0248328 -0.00117972 1.8041
0.336842 0 11.7879 -0.00787141 -0.00109055 1.81971
0.336842 0 11.9848 -0.000652472 -0.00100941 1.8177
0.336842 0 12.1818 -0.00789262 -0.000935457 1.82057
0.336842 0 12.3788 -0.00651408 -0.000867977 1.83455
0.336842 0 12.5758 0.00133456 -0.000806317 1.83831
0.336842 0 12.7727 0.00666395 -0.000749902 1.83
0.336842 0 12.9697 -0.000698023 -0.000698218 1.82147
0.336842 0 13.1667 -0.00544823 -0.000650811 1.83121
0.336842 0 13.3636 0.000586918 -0.000607272 1.83649
0.336842 0 13.5606 0.00704092 -0.000567237 1.8302
0.336842 0 13.7576 0.00388989 -0.000530382 1.81748
0.336842 0 13.9545 -0.00498988 -0.000496413 1.822
0.336842 0 14.1515 -0.00103875 -0.000465069 1.82975
0.336842 0 14.3485 0.00611288 -0.000436116 1.82633
0.336842 0 14.5455 0.0074936 -0.000409342 1.8129
0.336842 0 14.7424 -0.00257322 -0.000384557 1.80965
0.336842 0 14.9394 -0.00177451 -0.000361589 1.81812
0.336842 0 15.1364 0.00573979 -0.000340283 1.81668
0.336842 0 15.3333 0.0109159 -0.0003205 1.80331
0.336842 0 15.5303 0.00379119 -0.000302112 1.79048
0.336842 0 15.7273 0.00143763 -0.000285006 1.79412
0.336842 0 15.9242 0.0103154 -0.000269076 1.79003
0.336842 0 16.1212 0.0207448 -0.000254229 1.77073
0.336842 0 16.3182 0.0234351 -0.000240378 1.74011
0.336842 0 16.5152 0.0255818 -0.000227446 1.71794
0.336842 0 16.7121 0.0452525 -0.000215362 1.68146
0.336842 0 16.9091 0.0666451 -0.00020406 1.60631
0.336842 0 17.1061 0.0345466 -0.000193481 1.49668
0.336842 0 17.303 -0.0779703 -0.00018357 1.57623
0.336842 0 17.5 0.00463218 -0.00017428 1.57153
0.378947 0 -2 -1.78976 0.00590485 6.39652
0.378947 0 -1.80303 -2.25391 0.00655799 8.55508
0.378947 0 -1.60606 -2.47439 0.00729121 11.224
0.378947 0 -1.40909 -2.23317 0.00811375 13.8893
0.378947 0 -1.21212 -1.72983 0.00903533 16.0118
0.378947 0 -1.01515 -1.23492 0.0100658 17.5124
0.378947 0 -0.818182 -0.857261 0.0112147 18.5323
0.378947 0 -0.621212 -0.583092 0.0124906 19.2415
0.378947 0 -0.424242 -0.345868 0.0138996 19.7069
0.378947 0 -0.227273 -0.134067 0.0154443 19.9363
0.378947 0 -0.030303 0.0394233 0.0171212 19.9612
0.378947 0 0.166667 0.181743 0.0189181 19.8401
0.378947 0 0.363636 0.346564 0.0208099 19.5793
0.378947 0 0.560606 0.537674 0.0227545 19.1178
0.378947 0 0.757576 0.708292 0.024687 18.4407
0.378947 0 0.954545 0.815281 0.0265147 17.6114
0.378947 0 1.15152 0.887062 0.0281124 16.7157
0.378947 0 1.34848 0.968219 0.0293202 15.7495
0.378947 0 1.54545 1.05394 0.029947 14.6851
0.378947 0 1.74242 1.11153 0.0297813 13.533
0.378947 0 1.93939 1.14672 0.0286134 12.3574
0.378947 0 2.13636 1.22756 0.0262684 11.1485
0.378947 0 2.33333 1.37394 0.0226478 9.80318
0.378947 0 2.5303 1.48402 0.0177711 8.22609
0.378947 0 2.72727 1.31702 0.0118036 6.58444
0.378947 0 2.92424 0.855549 0.00505942 5.35325
0.378947 0 3.12121 0.328256 -0.00203061 4.75064
0.378947 0 3.31818 -0.0962709 -0.00898088 4.74046
0.378947 0 3.51515 -0.214046 -0.0153281 5.11552
0.378947 0 3.71212 0.047365 -0.0207023 5.32232
0.378947 0 3.90909 0.271584 -0.0248726 5.01576
0.378947 0 4.10606 0.0722249 -0.027759 4.64625
0.378947 0 4.30303 -0.325383 -0.0294142 4.84107
0.378947 0 4.5 -0.300239 -0.0299856 5.46373
0.378947 0 4.69697 0.124269 -0.0296725 5.60807
0.378947 0 4.89394 0.359244 -0.0286891 5.21337
0.378947 0 5.09091 0.343939 -0.0272372 4.77328
0.378947 0 5.28788 0.266948 -0.0254909 4.45171
0.378947 0 5.48485 0.201418 -0.0235901 4.21786
0.378947 0 5.68182 0.133137 -0.0216413 4.04752
0.378947 0 5.87879 0.0891042 -0.0197205 3.96049
0.378947 0 6.07576 0.0852677 -0.0178789 3.88602
0.378947 0 6.27273 0.0941277 -0.0161484 3.79793
0.378947 0 6.4697 0.0935776 -0.014546 3.69373
0.378947 0 6.66667 0.089697 -0.0130788 3.61833
0.378947 0 6.86364 0.136529 -0.0117464 3.52584
0.378947 0 7.06061 0.219009 -0.0105439 3.35612
0.378947 0 7.25758 0.308646 -0.00946373 3.06045
0.378947 0 7.45455 0.295337 -0.00849662 2.68407
0.378947 0 7.65152 0.207737 -0.00763277 2.41406
0.378947 0 7.84848 0.138913 -0.00686237 2.2485
0.378947 0 8.04545 0.0959787 -0.00617595 2.13564
0.378947 0 8.24242 0.0548143 -0.00556461 2.05843
0.378947 0 8.43939 0.0293072 -0.00502015 2.02907
0.378947 0 8.63636 0.0232797 -0.00453509 2.00709
0.378947 0 8.83333 0.0199528 -0.00410271 1.98333
0.378947 0 9.0303 0.00412463 -0.00371699 1.9607
0.378947 0 9.22727 -0.0234105 -0.00337256 1.97431
0.378947 0 9.42424 -0.0403772 -0.00306467 2.00824
0.378947 0 9.62121 -0.0637138 -0.00278912 2.062
0.378947 0 9.81818 -0.077754 -0.00254219 2.16299
0.378947 0 10.0152 0.0208318 -0.00232063 2.28007
0.378947 0 10.2121 0.268053 -0.00212154 2.13702
0.378947 0 10.4091 0.343856 -0.0019424 1.6537
0.378947 0 10.6061 0.117689 -0.00178099 1.33232
0.378947 0 10.803 -0.105403 -0.00163533 1.39187
0.378947 0 11 -0.12538 -0.0015037 1.60011
0.378947 0 11.197 -0.0762026 -0.00138458 1.70539
0.378947 0 11.3939 -0.0524951 -0.00127662 1.76847
0.378947 0 11.5909 -0.0273656 -0.00117864 1.8087
0.378947 0 11.7879 -0.00788335 -0.0010896 1.82284
0.378947 0 11.9848 0.00110942 -0.00100856 1.81733
0.378947 0 12.1818 -0.0101467 -0.000934701 1.819
0.378947 0 12.3788 -0.00792991 -0.000867302 1.83619
0.378947 0 12.5758 0.00173477 -0.000805713 1.84018
0.378947 0 12.7727 0.0089166 -0.00074936 1.83024
0.378947 0 12.9697 -0.00119956 -0.000697732 1.81839
0.378947 0 13.1667 -0.00724196 -0.000650374 1.83201
0.378947 0 13.3636 0.000620845 -0.000606878 1.83825
0.378947 0 13.5606 0.00887026 -0.000566882 1.83124
0.378947 0 13.7576 0.0052449 -0.000530061 1.81462
0.378947 0 13.9545 -0.00713716 -0.000496122 1.8217
0.378947 0 14.1515 -0.00146219 -0.000464806 1.83143
0.378947 0 14.3485 0.00740825 -0.000435877 1.82786
0.378947 0 14.5455 0.0099723 -0.000409125 1.81144
0.378947 0 14.7424 -0.00440026 -0.000384359 1.80792
0.378947 0 14.9394 -0.00262873 -0.000361409 1.81964
0.378947 0 15.1364 0.0066626 -0.000340119 1.81852
0.378947 0 15.3333 0.0136962 -0.00032035 1.80347
0.378947 0 15.5303 0.00355635 -0.000301975 1.78778
0.378947 0 15.7273 0.000475989 -0.00028488 1.79551
0.378947 0 15.9242 0.0114396 -0.000268961 1.79252
0.378947 0 16.1212 0.0241062 -0.000254123 1.77283
0.378947 0 16.3182 0.0266421 -0.000240281 1.73899
0.378947 0 16.5152 0.026846 -0.000227357 1.7208
0.378947 0 16.7121 0.0508531 -0.000215279 1.68723
0.378947 0 16.9091 0.0800263 -0.000203983 1.60982
0.378947 0 17.1061 0.0533155 -0.00019341 1.47269
0.378947 0 17.303 -0.132694 -0.000183505 1.5928
0.378947 0 17.5 0.0199357 -0.00017422 1.5343
0.421053 0 -2 -1.98764 0.00589088 6.28508
0.421053 0 -1.80303 -2.53286 0.00654157 8.46128
0.421053 0 -1.60606 -2.80534 0.00727186 11.2254
0.421053 0 -1.40909 -2.51203 0.0080909 13.9901
0.421053 0 -1.21212 -1.9212 0.0090083 16.1335
0.421053 0 -1.01515 -1.3585 0.0100338 17.613
0.421053 0 -0.818182 -0.940026 0.0111768 18.6024
0.421053 0 -0.621212 -0.643584 0.0124455 19.2971
0.421053 0 -0.424242 -0.381102 0.0138461 19.758
0.421053 0 -0.227273 -0.144448 0.0153809 19.9804
0.421053 0 -0.030303 0.0477643 0.0170462 19.995
0.421053 0 0.166667 0.199086 0.0188295 19.8724
0.421053 0 0.363636 0.382087 0.0207058 19.6211
0.421053 0 0.560606 0.599829 0.0226328 19.1614
0.421053 0 0.757576 0.794662 0.024546 18.473
0.421053 0 0.954545 0.91005 0.0263531 17.6282
0.421053 0 1.15152 0.984586 0.0279298 16.7322
0.421053 0 1.34848 1.07532 0.0291177 15.7694
0.421053 0 1.54545 1.17433 0.0297276 14.7031
0.421053 0 1.74242 1.23794 0.0295508 13.5406
0.421053 0 1.93939 1.26871 0.0283805 12.3676
0.421053 0 2.13636 1.35656 0.0260449 11.1752
0.421053 0 2.33333 1.53074 0.0224478 9.84165
0.421053 0 2.5303 1.68215 0.0176094 8.2312
0.421053 0 2.72727 1.49859 0.011694 6.50354
0.421053 0 2.92424 0.957916 0.00501188 5.2315
0.421053 0 3.12121 0.352674 -0.00201149 4.63552
0.421053 0 3.31818 -0.142719 -0.00889696 4.66736
0.421053 0 3.51515 -0.283823 -0.0151873 5.14046
0.421053 0 3.71212 0.0568403 -0.020517 5.40533
0.421053 0 3.90909 0.352332 -0.0246574 5.02404
0.421053 0 4.10606 0.103613 -0.0275286 4.55349
0.421053 0 4.30303 -0.411758 -0.0291814 4.76901
0.421053 0 4.5 -0.380824 -0.0297605 5.54576
0.421053 0 4.69697 0.161433 -0.0294622 5.70269
0.421053 0 4.89394 0.427837 -0.0284977 5.22774
0.421053 0 5.09091 0.389391 -0.0270665 4.75618
0.421053 0 5.28788 0.295415 -0.0253411 4.43473
0.421053 0 5.48485 0.224062 -0.0234604 4.20447
0.421053 0 5.68182 0.144787 -0.0215299 4.03056
0.421053 0 5.87879 0.0944734 -0.0196255 3.95704
0.421053 0 6.07576 0.0932217 -0.0177983 3.88734
0.421053 0 6.27273 0.105311 -0.0160802 3.80048
0.421053 0 6.4697 0.105158 -0.0144885 3.68949
0.421053 0 6.66667 0.0933738 -0.0130303 3.62353
0.421053 0 6.86364 0.14771 -0.0117055 3.541
0.421053 0 7.06061 0.242242 -0.0105095 3.37855
0.421053 0 7.25758 0.355542 -0.00943466 3.07526
0.421053 0 7.45455 0.336422 -0.00847206 2.66543
0.421053 0 7.65152 0.228649 -0.00761199 2.39468
0.421053 0 7.84848 0.151349 -0.00684476 2.23656
0.421053 0 8.04545 0.106369 -0.00616099 2.12759
0.421053 0 8.24242 0.0587063 -0.00555187 2.04845
0.421053 0 8.43939 0.0304584 -0.00500927 2.0268
0.421053 0 8.63636 0.0255433 -0.00452579 2.00648
0.421053 0 8.83333 0.0234158 -0.00409473 1.98235
0.421053 0 9.0303 0.00647321 -0.00371013 1.95355
0.421053 0 9.22727 -0.0273541 -0.00336665 1.97026
0.421053 0 9.42424 -0.0441989 -0.00305956 2.00399
0.421053 0 9.62121 -0.0720203 -0.00278469 2.05562
0.421053 0 9.81818 -0.0988327 -0.00253835 2.16456
0.421053 0 10.0152 0.00491867 -0.00231728 2.32734
0.421053 0 10.2121 0.317137 -0.00211862 2.19442
0.421053 0 10.4091 0.418848 -0.00193985 1.62406
0.421053 0 10.6061 0.130558 -0.00177875 1.26797
0.421053 0 10.803 -0.142726 -0.00163336 1.36168
0.421053 0 11 -0.146547 -0.00150197 1.6137
0.421053 0 11.197 -0.0813501 -0.00138305 1.7125
0.421053 0 11.3939 -0.0587654 -0.00127527 1.77415
0.421053 0 11.5909 -0.02965 -0.00117744 1.81392
0.421053 0 11.7879 -0.00763424 -0.00108853 1.82652
0.421053 0 11.9848 0.00405805 -0.00100761 1.81689
0.421053 0 12.1818 -0.0134869 -0.000933858 1.81679
0.421053 0 12.3788 -0.00950101 -0.000866548 1.83833
0.421053 0 12.5758 0.00217766 -0.000805039 1.84243
0.421053 0 12.7727 0.011878 -0.000748756 1.83089
0.421053 0 12.9697 -0.00209723 -0.00069719 1.81375
0.421053 0 13.1667 -0.00947665 -0.000649886 1.83331
0.421053 0 13.3636 0.000650767 -0.000606439 1.84037
0.421053 0 13.5606 0.011027 -0.000566486 1.83279
0.421053 0 13.7576 0.00738911 -0.000529702 1.81045
0.421053 0 13.9545 -0.0101506 -0.000495798 1.82167
0.421053 0 14.1515 -0.00193484 -0.000464512 1.83351
0.421053 0 14.3485 0.00882509 -0.00043561 1.82983
0.421053 0 14.5455 0.0135848 -0.000408883 1.80969
0.421053 0 14.7424 -0.00738065 -0.000384139 1.8057
0.421053 0 14.9394 -0.00364113 -0.000361208 1.82165
0.421053 0 15.1364 0.00761257 -0.000339935 1.82075
0.421053 0 15.3333 0.0172396 -0.000320182 1.80399
0.421053 0 15.5303 0.00270348 -0.000301821 1.78363
0.421053 0 15.7273 -0.000906067 -0.000284739 1.79745
0.421053 0 15.9242 0.0125081 -0.000268832 1.79545
0.421053 0 16.1212 0.0277547 -0.000254004 1.77555
0.421053 0 16.3182 0.030322 -0.000240172 1.7366
0.421053 0 16.5152 0.0270921 -0.000227257 1.72435
0.421053 0 16.7121 0.0561869 -0.000215187 1.69422
0.421053 0 16.9091 0.0944804 -0.000203898 1.616
0.421053 0 17.1061 0.0840087 -0.000193332 1.44618
0.421053 0 17.303 -0.255482 -0.000183433 1.64297
0.421053 0 17.5 0.0579258 -0.000174153 1.40655
0.463158 0 -2 -2.18339 0.0058755 6.15758
0.463158 0 -1.80303 -2.82055 0.00652348 8.34805
0.463158 0 -1.60606 -3.15982 0.00725055 11.2264
0.463158 0 -1.40909 -2.80071 0.00806575 14.1113
0.463158 0 -1.21212 -2.11053 0.00897855 16.2729
0.463158 0 -1.01515 -1.47656 0.00999855 17.7256
0.463158 0 -0.818182 -1.01801 0.011135 18.6778
0.463158 0 -0.621212 -0.70353 0.012396 19.3575
0.463158 0 -0.424242 -0.415504 0.0137873 19.8148
0.463158 0 -0.227273 -0.153284 0.0153112 20.0295
0.463158 0 -0.030303 0.0581255 0.0169637 20.0314
0.463158 0 0.166667 0.214687 0.0187322 19.9066
0.463158 0 0.363636 0.416214 0.0205915 19.6684
0.463158 0 0.560606 0.662724 0.0224993 19.211
0.463158 0 0.757576 0.884317 0.0243914 18.5094
0.463158 0 0.954545 1.00625 0.026176 17.6447
0.463158 0 1.15152 1.08126 0.0277298 16.7501
0.463158 0 1.34848 1.18195 0.028896 15.792
0.463158 0 1.54545 1.29607 0.0294877 14.724
0.463158 0 1.74242 1.36622 0.0292989 13.5473
0.463158 0 1.93939 1.3883 0.0281262 12.3775
0.463158 0 2.13636 1.48204 0.025801 11.2054
0.463158 0 2.33333 1.68699 0.0222297 9.88944
0.463158 0 2.5303 1.89341 0.0174331 8.24396
0.463158 0 2.72727 1.6942 0.0115744 6.40789
0.463158 0 2.92424 1.06153 0.00496006 5.09128
0.463158 0 3.12121 0.373771 -0.00199065 4.50403
0.463158 0 3.31818 -0.201213 -0.00880547 4.57958
0.463158 0 3.51515 -0.374607 -0.0150337 5.17301
0.463158 0 3.71212 0.0679815 -0.0203148 5.51326
0.463158 0 3.90909 0.456636 -0.0244225 5.03625
0.463158 0 4.10606 0.14637 -0.027277 4.43695
0.463158 0 4.30303 -0.52061 -0.0289271 4.66991
0.463158 0 4.5 -0.481665 -0.0295145 5.65616
0.463158 0 4.69697 0.212336 -0.0292321 5.8193
0.463158 0 4.89394 0.507033 -0.0282882 5.23727
0.463158 0 5.09091 0.435869 -0.0268796 4.73359
0.463158 0 5.28788 0.322637 -0.025177 4.41542
0.463158 0 5.48485 0.246943 -0.023318 4.19088
0.463158 0 5.68182 0.154896 -0.0214076 4.00834
0.463158 0 5.87879 0.0983531 -0.0195212 3.95444
0.463158 0 6.07576 0.100767 -0.0177098 3.88918
0.463158 0 6.27273 0.116622 -0.0160053 3.80416
0.463158 0 6.4697 0.118961 -0.0144253 3.68233
0.463158 0 6.66667 0.0941578 -0.012977 3.62999
0.463158 0 6.86364 0.157633 -0.0116606 3.55802
0.463158 0 7.06061 0.264066 -0.0104716 3.40484
0.463158 0 7.25758 0.408217 -0.00940268 3.09616
0.463158 0 7.45455 0.379908 -0.00844503 2.64035
0.463158 0 7.65152 0.248035 -0.00758911 2.37236
0.463158 0 7.84848 0.162547 -0.00682536 2.22371
0.463158 0 8.04545 0.116894 -0.0061445 2.11972
0.463158 0 8.24242 0.0612329 -0.00553783 2.03538
0.463158 0 8.43939 0.0310222 -0.00499729 2.02505
0.463158 0 8.63636 0.0277238 -0.00451553 2.00604
0.463158 0 8.83333 0.0271614 -0.00408594 1.98191
0.463158 0 9.0303 0.0105117 -0.00370257 1.94396
0.463158 0 9.22727 -0.0320839 -0.00336013 1.96663
0.463158 0 9.42424 -0.047477 -0.00305393 1.99942
0.463158 0 9.62121 -0.0799089 -0.00277981 2.04741
0.463158 0 9.81818 -0.123493 -0.00253411 2.16168
0.463158 0 10.0152 -0.0212023 -0.00231359 2.38502
0.463158 0 10.2121 0.372622 -0.0021154 2.27032
0.463158 0 10.4091 0.511294 -0.00193703 1.58192
0.463158 0 10.6061 0.142521 -0.00177628 1.19003
0.463158 0 10.803 -0.194125 -0.00163119 1.32587
0.463158 0 11 -0.168423 -0.00150005 1.63434
0.463158 0 11.197 -0.0834542 -0.00138136 1.71951
0.463158 0 11.3939 -0.0656273 -0.00127378 1.78091
0.463158 0 11.5909 -0.0316098 -0.00117612 1.81976
0.463158 0 11.7879 -0.00718743 -0.00108736 1.8308
0.463158 0 11.9848 0.00882469 -0.00100657 1.8167
0.463158 0 12.1818 -0.0188345 -0.000932926 1.81391
0.463158 0 12.3788 -0.0111422 -0.000865717 1.84109
0.463158 0 12.5758 0.0026306 -0.000804295 1.8451
0.463158 0 12.7727 0.0156537 -0.000748089 1.83235
0.463158 0 12.9697 -0.00385993 -0.000696591 1.80634
0.463158 0 13.1667 -0.0121146 -0.000649347 1.8354
0.463158 0 13.3636 0.000684291 -0.000605953 1.84286
0.463158 0 13.5606 0.0134399 -0.000566048 1.83507
0.463158 0 13.7576 0.0111722 -0.000529306 1.80414
0.463158 0 13.9545 -0.0142848 -0.00049544 1.82237
0.463158 0 14.1515 -0.00240842 -0.000464187 1.83602
0.463158 0 14.3485 0.0102864 -0.000435316 1.83234
0.463158 0 14.5455 0.0190659 -0.000408615 1.80791
0.463158 0 14.7424 -0.012362 -0.000383895 1.80311
0.463158 0 14.9394 -0.00473098 -0.000360985 1.82422
0.463158 0 15.1364 0.00854836 -0.000339732 1.82341
0.463158 0 15.3333 0.0217129 -0.000319996 1.80532
0.463158 0 15.5303 0.000554815 -0.000301652 1.777
0.463158 0 15.7273 -0.00265469 -0.000284584 1.80019
0.463158 0 15.9242 0.0135169 -0.000268689 1.79881
0.463158 0 16.1212 0.031624 -0.000253874 1.77912
0.463158 0 16.3182 0.0351603 -0.000240052 1.7319
0.463158 0 16.5152 0.0260981 -0.000227146 1.72902
0.463158 0 16.7121 0.0611386 -0.000215085 1.70247
0.463158 0 16.9091 0.109375 -0.000203804 1.62559
0.463158 0 17.1061 0.131378 -0.000193245 1.42287
0.463158 0 17.303 -0.40159 -0.000183353 1.28069
0.463158 0 17.5 0.111497 -0.000174078 1.05915
0.505263 0 -2 -2.3757 0.00585871 6.01292
0.505263 0 -1.80303 -3.11708 0.00650375 8.2112
0.505263 0 -1.60606 -3.54463 0.00722731 11.2266
0.505263 0 -1.40909 -3.09968 0.00803832 14.2573
0.505263 0 -1.21212 -2.29658 0.00894612 16.4316
0.505263 0 -1.01515 -1.58803 0.00996016 17.8505
0.505263 0 -0.818182 -1.09001 0.0110895 18.7575
0.505263 0 -0.621212 -0.763515 0.012342 19.4225
0.505263 0 -0.424242 -0.449034 0.0137234 19.8773
0.505263 0 -0.227273 -0.160415 0.0152354 20.0839
0.505263 0 -0.030303 0.0713778 0.0168741 20.0701
0.505263 0 0.166667 0.227607 0.0186265 19.9422
0.505263 0 0.363636 0.448621 0.0204673 19.7215
0.505263 0 0.560606 0.726378 0.0223544 19.2673
0.505263 0 0.757576 0.978113 0.0242236 18.5504
0.505263 0 0.954545 1.10399 0.025984 17.6596
0.505263 0 1.15152 1.17675 0.0275131 16.7695
0.505263 0 1.34848 1.2879 0.0286559 15.8175
0.505263 0 1.54545 1.41939 0.029228 14.7486
0.505263 0 1.74242 1.4974 0.0290264 13.5521
0.505263 0 1.93939 1.50481 0.0278513 12.3864
0.505263 0 2.13636 1.60309 0.0255376 11.239
0.505263 0 2.33333 1.84128 0.0219941 9.94824
0.505263 0 2.5303 2.12065 0.0172429 8.26858
0.505263 0 2.72727 1.90696 0.0114455 6.29363
0.505263 0 2.92424 1.16551 0.00490416 4.93097
0.505263 0 3.12121 0.391653 -0.00196817 4.35538
0.505263 0 3.31818 -0.272661 -0.00870676 4.47357
0.505263 0 3.51515 -0.493269 -0.014868 5.21491
0.505263 0 3.71212 0.0810694 -0.0200966 5.65312
0.505263 0 3.90909 0.592041 -0.0241689 5.05368
0.505263 0 4.10606 0.203532 -0.0270051 4.29177
0.505263 0 4.30303 -0.656498 -0.0286521 4.5304
0.505263 0 4.5 -0.605922 -0.0292483 5.80759
0.505263 0 4.69697 0.282059 -0.028983 5.96393
0.505263 0 4.89394 0.59727 -0.0280611 5.23821
0.505263 0 5.09091 0.482606 -0.0266769 4.70436
0.505263 0 5.28788 0.348059 -0.0249989 4.39375
0.505263 0 5.48485 0.269808 -0.0231636 4.17816
0.505263 0 5.68182 0.162205 -0.0212748 3.97662
0.505263 0 5.87879 0.100938 -0.0194078 3.95346
0.505263 0 6.07576 0.10791 -0.0176135 3.89154
0.505263 0 6.27273 0.127756 -0.0159238 3.80938
0.505263 0 6.4697 0.138276 -0.0143564 3.67062
0.505263 0 6.66667 0.0914992 -0.0129189 3.63903
0.505263 0 6.86364 0.166274 -0.0116116 3.5768
0.505263 0 7.06061 0.283645 -0.0104303 3.43509
0.505263 0 7.25758 0.468009 -0.00936782 3.12731
0.505263 0 7.45455 0.424806 -0.00841557 2.60634
0.505263 0 7.65152 0.265297 -0.00756417 2.34708
0.505263 0 7.84848 0.172267 -0.0068042 2.21007
0.505263 0 8.04545 0.127398 -0.00612652 2.11279
0.505263 0 8.24242 0.0607737 -0.00552251 2.01663
0.505263 0 8.43939 0.0312088 -0.00498421 2.02418
0.505263 0 8.63636 0.0298239 -0.00450434 2.00576
0.505263 0 8.83333 0.0309732 -0.00407633 1.98228
0.505263 0 9.0303 0.0185295 -0.00369431 1.93035
0.505263 0 9.22727 -0.037612 -0.00335301 1.9643
0.505263 0 9.42424 -0.0500083 -0.00304777 1.99458
0.505263 0 9.62121 -0.0869136 -0.00277448 2.03725
0.505263 0 9.81818 -0.15086 -0.00252948 2.15214
0.505263 0 10.0152 -0.0613825 -0.00230956 2.45707
0.505263 0 10.2121 0.433174 -0.00211188 2.37111
0.505263 0 10.4091 0.626628 -0.00193395 1.51803
0.505263 0 10.6061 0.153176 -0.00177358 1.09752
0.505263 0 10.803 -0.267381 -0.00162882 1.28134
0.505263 0 11 -0.189229 -0.00149796 1.66405
0.505263 0 11.197 -0.0797631 -0.00137952 1.72552
0.505263 0 11.3939 -0.0732236 -0.00127214 1.78956
0.505263 0 11.5909 -0.0331462 -0.00117468 1.82617
0.505263 0 11.7879 -0.00665859 -0.00108608 1.83568
0.505263 0 11.9848 0.0162288 -0.00100542 1.81784
0.505263 0 12.1818 -0.0280157 -0.000931908 1.81094
0.505263 0 12.3788 -0.0126851 -0.000864807 1.84454
0.505263 0 12.5758 0.00304578 -0.000803481 1.84815
0.505263 0 12.7727 0.0201253 -0.000747359 1.83529
0.505263 0 12.9697 -0.00792532 -0.000695936 1.7934
0.505263 0 13.1667 -0.0149356 -0.000648758 1.83862
0.505263 0 13.3636 0.000732012 -0.000605422 1.8457
0.505263 0 13.5606 0.0158952 -0.000565568 1.83829
0.505263 0 13.7576 0.018929 -0.000528873 1.79426
0.505263 0 13.9545 -0.0196125 -0.000495048 1.82465
0.505263 0 14.1515 -0.0028102 -0.000463832 1.83895
0.505263 0 14.3485 0.0116564 -0.000434993 1.83543
0.505263 0 14.5455 0.0275329 -0.000408321 1.80713
0.505263 0 14.7424 -0.0208397 -0.000383628 1.80103
0.505263 0 14.9394 -0.00574656 -0.000360742 1.82744
0.505263 0 15.1364 0.00940961 -0.00033951 1.82648
0.505263 0 15.3333 0.0270686 -0.000319794 1.80821
0.505263 0 15.5303 -0.0048774 -0.000301466 1.76567
0.505263 0 15.7273 -0.00455173 -0.000284414 1.80401
0.505263 0 15.9242 0.014463 -0.000268533 1.80257
0.505263 0 16.1212 0.0354873 -0.00025373 1.78382
0.505263 0 16.3182 0.0431888 -0.00023992 1.72277
0.505263 0 16.5152 0.0238553 -0.000227025 1.73553
0.505263 0 16.7121 0.0655996 -0.000214974 1.71194
0.505263 0 16.9091 0.123698 -0.000203702 1.63911
0.505263 0 17.1061 0.19783 -0.00019315 1.41364
0.505263 0 17.303 -0.31964 -0.000183265 0.741606
0.505263 0 17.5 0.124764 -0.000173997 0.609655
0.547368 0 -2 -2.56293 0.00584055 5.85012
0.547368 0 -1.80303 -3.42165 0.0064824 8.04553
0.547368 0 -1.60606 -3.96977 0.00720217 11.2252
0.547368 0 -1.40909 -3.40851 0.00800865 14.4336
0.547368 0 -1.21212 -2.47773 0.00891106 16.6106
0.547368 0 -1.01515 -1.69181 0.00991867 17.988
0.547368 0 -0.818182 -1.15418 0.0110403 18.8398
0.547368 0 -0.621212 -0.824497 0.0122837 19.4921
0.547368 0 -0.424242 -0.481615 0.0136543 19.9459
0.547368 0 -0.227273 -0.165741 0.0151536 20.1438
0.547368 0 -0.030303 0.0888711 0.0167774 20.1111
0.547368 0 0.166667 0.236196 0.0185125 19.9781
0.547368 0 0.363636 0.479013 0.0203335 19.7811
0.547368 0 0.560606 0.790753 0.0221983 19.3309
0.547368 0 0.757576 1.07707 0.0240431 18.597
0.547368 0 0.954545 1.20322 0.0257774 17.6706
0.547368 0 1.15152 1.27069 0.0272802 16.7905
0.547368 0 1.34848 1.39283 0.0283981 15.846
0.547368 0 1.54545 1.54439 0.0289493 14.7778
0.547368 0 1.74242 1.63325 0.0287342 13.5536
0.547368 0 1.93939 1.61733 0.0275568 12.394
0.547368 0 2.13636 1.71873 0.0252554 11.2757
0.547368 0 2.33333 1.99154 0.0217419 10.0197
0.547368 0 2.5303 2.36713 0.0170394 8.31165
0.547368 0 2.72727 2.14046 0.0113076 6.1546
0.547368 0 2.92424 1.26839 0.00484439 4.74906
0.547368 0 3.12121 0.406664 -0.00194413 4.18906
0.547368 0 3.31818 -0.357078 -0.00860122 4.34462
0.547368 0 3.51515 -0.649838 -0.0146908 5.26841
0.547368 0 3.71212 0.096355 -0.0198631 5.83348
0.547368 0 3.90909 0.769286 -0.0238974 5.07798
0.547368 0 4.10606 0.277991 -0.0267139 4.11282
0.547368 0 4.30303 -0.819866 -0.0283574 4.32857
0.547368 0 4.5 -0.752162 -0.0289627 6.01908
0.547368 0 4.69697 0.375365 -0.0287155 6.14587
0.547368 0 4.89394 0.696701 -0.0278172 5.22735
0.547368 0 5.09091 0.528412 -0.026459 4.66734
0.547368 0 5.28788 0.371051 -0.0248074 4.36971
0.547368 0 5.48485 0.291695 -0.0229972 4.16768
0.547368 0 5.68182 0.161546 -0.0211318 3.9227
0.547368 0 5.87879 0.102952 -0.0192856 3.95487
0.547368 0 6.07576 0.114666 -0.0175097 3.89434
0.547368 0 6.27273 0.138124 -0.0158359 3.81641
0.547368 0 6.4697 0.172567 -0.0142822 3.65389
0.547368 0 6.66667 0.0857583 -0.0128562 3.65301
0.547368 0 6.86364 0.17368 -0.0115587 3.59707
0.547368 0 7.06061 0.299957 -0.0103857 3.4691
0.547368 0 7.25758 0.534577 -0.00933014 3.17663
0.547368 0 7.45455 0.468332 -0.0083837 2.56129
0.547368 0 7.65152 0.27974 -0.00753718 2.31897
0.547368 0 7.84848 0.180282 -0.0067813 2.1958
0.547368 0 8.04545 0.137164 -0.00610705 2.10774
0.547368 0 8.24242 0.0504299 -0.00550592 1.98515
0.547368 0 8.43939 0.0315024 -0.00497004 2.02447
0.547368 0 8.63636 0.0318482 -0.00449221 2.00559
0.547368 0 8.83333 0.0344391 -0.00406593 1.98362
0.547368 0 9.0303 0.038491 -0.00368536 1.91076
0.547368 0 9.22727 -0.043256 -0.00334529 1.96456
0.547368 0 9.42424 -0.0515858 -0.0030411 1.98954
0.547368 0 9.62121 -0.0924829 -0.0027687 2.02514
0.547368 0 9.81818 -0.17891 -0.00252446 2.13417
0.547368 0 10.0152 -0.119114 -0.00230518 2.5521
0.547368 0 10.2121 0.493366 -0.00210806 2.50395
0.547368 0 10.4091 0.76904 -0.00193061 1.41226
0.547368 0 10.6061 0.162178 -0.00177065 0.991075
0.547368 0 10.803 -0.379 -0.00162624 1.21753
0.547368 0 11 -0.205824 -0.0014957 1.704
0.547368 0 11.197 -0.0633023 -0.00137752 1.7312
0.547368 0 11.3939 -0.0809661 -0.00127038 1.80156
0.547368 0 11.5909 -0.0341488 -0.00117311 1.83303
0.547368 0 11.7879 -0.00620525 -0.00108468 1.84109
0.547368 0 11.9848 0.0264922 -0.00100418 1.82298
0.547368 0 12.1818 -0.0439533 -0.000930802 1.81129
0.547368 0 12.3788 -0.0138807 -0.00086382 1.8487
0.547368 0 12.5758 0.00336711 -0.000802597 1.85152
0.547368 0 12.7727 0.0246237 -0.000746567 1.84047
0.547368 0 12.9697 -0.0206389 -0.000695224 1.76704
0.547368 0 13.1667 -0.0174336 -0.000648118 1.84324
0.547368 0 13.3636 0.000805931 -0.000604846 1.84881
0.547368 0 13.5606 0.0179945 -0.000565048 1.84258
0.547368 0 13.7576 0.0384815 -0.000528403 1.77953
0.547368 0 13.9545 -0.0254876 -0.000494622 1.82983
0.547368 0 14.1515 -0.00305245 -0.000463446 1.84224
0.547368 0 14.3485 0.0127503 -0.000434643 1.83907
0.547368 0 14.5455 0.0398031 -0.000408003 1.81041
0.547368 0 14.7424 -0.0346054 -0.000383338 1.80282
0.547368 0 14.9394 -0.00647154 -0.000360478 1.83129
0.547368 0 15.1364 0.0101251 -0.000339269 1.82988
0.547368 0 15.3333 0.0326263 -0.000319573 1.81364
0.547368 0 15.5303 -0.0214417 -0.000301265 1.74493
0.547368 0 15.7273 -0.00614478 -0.000284229 1.8091
0.547368 0 15.9242 0.0153441 -0.000268364 1.80665
0.547368 0 16.1212 0.0388921 -0.000253575 1.7898
0.547368 0 16.3182 0.0623316 -0.000239777 1.70491
0.547368 0 16.5152 0.021005 -0.000226893 1.74487
0.547368 0 16.7121 0.069478 -0.000214852 1.72248
0.547368 0 16.9091 0.136154 -0.00020359 1.65658
0.547368 0 17.1061 0.278902 -0.000193047 1.43473
0.547368 0 17.303 -0.0405033 -0.00018317 0.404429
0.547368 0 17.5 0.0983178 -0.000173909 0.308184
0.589474 0 -2 -2.74302 0.00582101 5.66843
0.589474 0 -1.80303 -3.73186 0.00645945 7.8448
0.589474 0 -1.60606 -4.45113 0.00717515 11.2211
0.589474 0 -1.40909 -3.72513 0.00797678 14.6471
0.589474 0 -1.21212 -2.65198 0.00887341 16.811
0.589474 0 -1.01515 -1.78688 0.00987412 18.1388
0.589474 0 -0.818182 -1.20708 0.0109876 18.9224
0.589474 0 -0.621212 -0.887838 0.0122212 19.567
0.589474 0 -0.424242 -0.513102 0.0135802 20.0206
0.589474 0 -0.227273 -0.169268 0.015066 20.2094
0.589474 0 -0.030303 0.112628 0.0166738 20.1551
0.589474 0 0.166667 0.237344 0.0183905 20.0136
0.589474 0 0.363636 0.507195 0.0201904 19.8478
0.589474 0 0.560606 0.855729 0.0220315 19.4024
0.589474 0 0.757576 1.18223 0.0238502 18.6505
0.589474 0 0.954545 1.30326 0.0255569 17.6735
0.589474 0 1.15152 1.36286 0.0270317 16.8136
0.589474 0 1.34848 1.49637 0.0281233 15.8776
0.589474 0 1.54545 1.67096 0.0286525 14.813
0.589474 0 1.74242 1.77735 0.0284233 13.5494
0.589474 0 1.93939 1.72485 0.0272435 12.4004
0.589474 0 2.13636 1.82787 0.0249555 11.3149
0.589474 0 2.33333 2.13486 0.0214741 10.1054
0.589474 0 2.5303 2.63582 0.0168233 8.38379
0.589474 0 2.72727 2.39815 0.0111612 5.98058
0.589474 0 2.92424 1.3679 0.00478098 4.54441
0.589474 0 3.12121 0.419422 -0.00191863 4.00506
0.589474 0 3.31818 -0.452729 -0.00848924 4.18681
0.589474 0 3.51515 -0.8601 -0.0145027 5.33701
0.589474 0 3.71212 0.113984 -0.0196151 6.06419
0.589474 0 3.90909 1.00495 -0.0236089 5.11142
0.589474 0 4.10606 0.37144 -0.0264042 3.89524
0.589474 0 4.30303 -0.995589 -0.0280437 4.03383
0.589474 0 4.5 -0.905464 -0.0286586 6.31392
0.589474 0 4.69697 0.492168 -0.0284305 6.37857
0.589474 0 4.89394 0.804772 -0.0275571 5.20901
0.589474 0 5.09091 0.571534 -0.0262265 4.62148
0.589474 0 5.28788 0.390965 -0.0246028 4.34338
0.589474 0 5.48485 0.31055 -0.0228195 4.16039
0.589474 0 5.68182 0.0982129 -0.0209788 3.78771
0.589474 0 5.87879 0.105771 -0.0191549 3.959
0.589474 0 6.07576 0.121059 -0.0173985 3.89742
0.589474 0 6.27273 0.146894 -0.0157417 3.82515
0.589474 0 6.4697 0.243937 -0.0142025 3.65167
0.589474 0 6.66667 0.0797875 -0.012789 3.67463
0.589474 0 6.86364 0.179943 -0.011502 3.61843
0.589474 0 7.06061 0.31194 -0.0103378 3.50612
0.589474 0 7.25758 0.600119 -0.00928967 3.25613
0.589474 0 7.45455 0.508197 -0.00834947 2.50634
0.589474 0 7.65152 0.290632 -0.00750819 2.28843
0.589474 0 7.84848 0.186409 -0.00675669 2.18105
0.589474 0 8.04545 0.144662 -0.00608612 2.105
0.589474 0 8.24242 -0.0228254 -0.00548809 1.93201
0.589474 0 8.43939 0.032615 -0.00495481 2.02583
0.589474 0 8.63636 0.033801 -0.00447917 2.00545
0.589474 0 8.83333 0.037018 -0.00405474 1.98579
0.589474 0 9.0303 0.0980575 -0.00367573 1.90258
0.589474 0 9.22727 -0.0470265 -0.00333699 1.96827
0.589474 0 9.42424 -0.0520352 -0.00303392 1.98434
0.589474 0 9.62121 -0.0960301 -0.00276247 2.01129
0.589474 0 9.81818 -0.206123 -0.00251905 2.10727
0.589474 0 10.0152 -0.189556 -0.00230047 2.68723
0.589474 0 10.2121 0.540704 -0.00210395 2.67264
0.589474 0 10.4091 0.924296 -0.00192702 1.22356
0.589474 0 10.6061 0.169216 -0.00176749 0.873907
0.589474 0 10.803 -0.565225 -0.00162347 1.07652
0.589474 0 11 -0.213947 -0.00149325 1.75286
0.589474 0 11.197 -0.0219563 -0.00137536 1.75458
0.589474 0 11.3939 -0.0864917 -0.00126847 1.81812
0.589474 0 11.5909 -0.0345223 -0.00117142 1.84016
0.589474 0 11.7879 -0.00598702 -0.00108318 1.84687
0.589474 0 11.9848 0.0364148 -0.00100285 1.83605
0.589474 0 12.1818 -0.0653326 -0.000929611 1.82586
0.589474 0 12.3788 -0.0144566 -0.000862755 1.85339
0.589474 0 12.5758 0.00354433 -0.000801644 1.85509
0.589474 0 12.7727 0.0277082 -0.000745713 1.84816
0.589474 0 12.9697 -0.097438 -0.000694457 1.70961
0.589474 0 13.1667 -0.0188579 -0.000647428 1.84916
0.589474 0 13.3636 0.000916507 -0.000604224 1.85208
0.589474 0 13.5606 0.0192226 -0.000564487 1.84779
0.589474 0 13.7576 0.0938085 -0.000527896 1.77842
0.589474 0 13.9545 -0.0298522 -0.000494163 1.83877
0.589474 0 14.1515 -0.00305448 -0.00046303 1.84576
0.589474 0 14.3485 0.0133793 -0.000434265 1.8431
0.589474 0 14.5455 0.0526594 -0.00040766 1.82333
0.589474 0 14.7424 -0.050975 -0.000383026 1.81658
0.589474 0 14.9394 -0.00667717 -0.000360193 1.83559
0.589474 0 15.1364 0.0106304 -0.000339009 1.83351
0.589474 0 15.3333 0.0366772 -0.000319336 1.82212
0.589474 0 15.5303 -0.0910444 -0.000301047 1.72298
0.589474 0 15.7273 -0.00680596 -0.00028403 1.81532
0.589474 0 15.9242 0.0161585 -0.000268181 1.81094
0.589474 0 16.1212 0.0412204 -0.000253407 1.79692
0.589474 0 16.3182 0.132105 -0.000239623 1.6887
0.589474 0 16.5152 0.0192671 -0.000226751 1.75752
0.589474 0 16.7121 0.0727011 -0.000214722 1.73381
0.589474 0 16.9091 0.145444 -0.000203469 1.67736
0.589474 0 17.1061 0.35425 -0.000192936 1.50332
0.589474 0 17.303 0.144298 -0.000183067 0.370768
0.589474 0 17.5 0.0894917 -0.000173814 0.204753
0.631579 0 -2 -2.91358 0.00580013 5.46748
0.631579 0 -1.80303 -4.04288 0.00643493 7.60235
0.631579 0 -1.60606 -5.01781 0.00714629 11.2108
0.631579 0 -1.40909 -4.04482 0.00794275 14.9055
0.631579 0 -1.21212 -2.81697 0.00883321 17.0334
0.631579 0 -1.01515 -1.87247 0.00982658 18.3033
0.631579 0 -0.818182 -1.24117 0.0109313 19.0034
0.631579 0 -0.621212 -0.954927 0.0121546 19.6495
0.631579 0 -0.424242 -0.543246 0.0135013 20.1018
0.631579 0 -0.227273 -0.171154 0.0149726 20.2812
0.631579 0 -0.030303 0.145175 0.0165635 20.2044
0.631579 0 0.166667 0.225005 0.0182606 20.0493
0.631579 0 0.363636 0.533171 0.0200382 19.9226
0.631579 0 0.560606 0.921073 0.0218542 19.4826
0.631579 0 0.757576 1.29432 0.0236454 18.7135
0.631579 0 0.954545 1.40093 0.025323 17.6587
0.631579 0 1.15152 1.45348 0.0267683 16.8393
0.631579 0 1.34848 1.59797 0.0278322 15.9123
0.631579 0 1.54545 1.79852 0.0283383 14.8558
0.631579 0 1.74242 1.93814 0.0280945 13.5362
0.631579 0 1.93939 1.82672 0.0269125 12.4066
0.631579 0 2.13636 1.92944 0.024639 11.3559
0.631579 0 2.33333 2.26746 0.0211916 10.2059
0.631579 0 2.5303 2.92697 0.0165955 8.5023
0.631579 0 2.72727 2.6809 0.011007 5.75453
0.631579 0 2.92424 1.4609 0.00471415 4.31667
0.631579 0 3.12121 0.430814 -0.00189176 3.80412
0.631579 0 3.31818 -0.554897 -0.00837122 3.99356
0.631579 0 3.51515 -1.15228 -0.0143044 5.4283
0.631579 0 3.71212 0.133863 -0.0193536 6.35506
0.631579 0 3.90909 1.3287 -0.0233044 5.15811
0.631579 0 4.10606 0.482714 -0.0260772 3.6354
0.631579 0 4.30303 -1.13964 -0.0277122 3.62633
0.631579 0 4.5 -1.02998 -0.0283369 5.36134
0.631579 0 4.69697 0.620611 -0.0281288 5.33241
0.631579 0 4.89394 0.946881 -0.0272814 3.80164
0.631579 0 5.09091 0.609545 -0.0259798 3.1829
0.631579 0 5.28788 0.407212 -0.0243856 2.9316
0.631579 0 5.48485 0.323684 -0.0226306 2.77233
0.631579 0 5.68182 -0.165739 -0.0208161 2.576
0.631579 0 5.87879 0.110995 -0.0190158 2.58176
0.631579 0 6.07576 0.127103 -0.0172801 2.51722
0.631579 0 6.27273 0.153263 -0.0156414 2.45165
0.631579 0 6.4697 0.317229 -0.0141177 2.34959
0.631579 0 6.66667 0.0792675 -0.0127173 2.32024
0.631579 0 6.86364 0.185158 -0.0114415 2.25696
0.631579 0 7.06061 0.318753 -0.0102867 2.16155
0.631579 0 7.25758 0.642067 -0.00924648 1.98802
0.631579 0 7.45455 0.548893 -0.00831292 1.04402
0.631579 0 7.65152 0.29731 -0.00747721 0.863511
0.631579 0 7.84848 0.19055 -0.0067304 0.773306
0.631579 0 8.04545 0.148211 -0.00606376 0.710886
0.631579 0 8.24242 -0.118073 -0.00546902 0.720808
0.631579 0 8.43939 0.0351443 -0.00493852 0.634961
0.631579 0 8.63636 0.0356836 -0.00446522 0.612552
0.631579 0 8.83333 0.0382903 -0.00404276 0.595596
0.631579 0 9.0303 0.135588 -0.00366542 0.606862
0.631579 0 9.22727 -0.0463522 -0.0033281 0.581447
0.631579 0 9.42424 -0.0512574 -0.00302624 0.586315
0.631579 0 9.62121 -0.0970251 -0.00275581 0.603501
0.631579 0 9.81818 -0.232235 -0.00251326 0.674367
0.631579 0 10.0152 -0.242239 -0.00229543 1.49219
0.631579 0 10.2121 0.557401 -0.00209955 1.4855
0.631579 0 10.4091 1.01402 -0.00192316 0.921767
0.631579 0 10.6061 0.173827 -0.00176411 0.752133
0.631579 0 10.803 -0.649281 -0.0016205 0.668315
0.631579 0 11 -0.210099 -0.00149064 0.41276
0.631579 0 11.197 -0.00177126 -0.00137305 0.442275
0.631579 0 11.3939 -0.0862526 -0.00126642 0.444951
0.631579 0 11.5909 -0.0342212 -0.00116961 0.454636
0.631579 0 11.7879 -0.00610411 -0.00108157 0.46007
0.631579 0 11.9848 0.0379839 -0.00100141 0.463246
0.631579 0 12.1818 -0.0708835 -0.000928333 0.467531
0.631579 0 12.3788 -0.0142322 -0.000861614 0.465599
0.631579 0 12.5758 0.00355021 -0.000800623 0.466017
0.631579 0 12.7727 0.0278137 -0.000744797 0.46458
0.631579 0 12.9697 -0.214655 -0.000693635 0.5265
0.631579 0 13.1667 -0.0185715 -0.000646688 0.463006
0.631579 0 13.3636 0.00106924 -0.000603558 0.462707
0.631579 0 13.5606 0.0191852 -0.000563886 0.460703
0.631579 0 13.7576 0.125598 -0.000527352 0.477853
0.631579 0 13.9545 -0.0299526 -0.000493671 0.457426
0.631579 0 14.1515 -0.00277121 -0.000462584 0.456651
0.631579 0 14.3485 0.0134257 -0.00043386 0.454579
0.631579 0 14.5455 0.0552252 -0.000407291 0.452937
0.631579 0 14.7424 -0.0544178 -0.00038269 0.451457
0.631579 0 14.9394 -0.00621633 -0.000359887 0.447382
0.631579 0 15.1364 0.0108901 -0.00033873 0.444513
0.631579 0 15.3333 0.0371922 -0.000319081 0.439714
0.631579 0 15.5303 -0.151433 -0.000300814 0.470157
0.631579 0 15.7273 -0.00602912 -0.000283816 0.429383
0.631579 0 15.9242 0.016905 -0.000267985 0.422612
0.631579 0 16.1212 0.0419782 -0.000253227 0.411887
0.631579 0 16.3182 0.18913 -0.000239458 0.430628
0.631579 0 16.5152 0.0207293 -0.000226599 0.379488
0.631579 0 16.7121 0.0752121 -0.000214581 0.352895
0.631579 0 16.9091 0.150647 -0.00020334 0.307486
0.631579 0 17.1061 0.38407 -0.000192816 0.219398
0.631579 0 17.303 0.228718 -0.000182957 0.293041
0.631579 0 17.5 0.0945818 -0.000173712 0.165489
0.673684 0 -2 -3.07193 0.00577793 5.24741
0.673684 0 -1.80303 -4.34671 0.00640886 7.31227
0.673684 0 -1.60606 -5.73957 0.00711561 11.1824
0.673684 0 -1.40909 -4.35914 0.00790659 15.2157
0.673684 0 -1.21212 -2.97006 0.00879052 17.2777
0.673684 0 -1.01515 -1.94821 0.00977611 18.4816
0.673684 0 -0.818182 -1.23973 0.0108716 19.0882
0.673684 0 -0.621212 -1.02568 0.0120839 19.7437
0.673684 0 -0.424242 -0.571692 0.0134176 20.1893
0.673684 0 -0.227273 -0.171729 0.0148736 20.3593
0.673684 0 -0.030303 0.187695 0.0164468 20.2648
0.673684 0 0.166667 0.18983 0.0181232 20.0935
0.673684 0 0.363636 0.557209 0.0198773 20.006
0.673684 0 0.560606 0.986418 0.0216669 19.572
0.673684 0 0.757576 1.41303 0.0234292 18.7889
0.673684 0 0.954545 1.47554 0.0250762 17.5964
0.673684 0 1.15152 1.54346 0.0264906 16.8683
0.673684 0 1.34848 1.69697 0.0275256 15.9498
0.673684 0 1.54545 1.92576 0.0280078 14.9081
0.673684 0 1.74242 2.13886 0.0277488 13.5168
0.673684 0 1.93939 1.92395 0.0265649 12.4145
0.673684 0 2.13636 2.02234 0.0243067 11.3973
0.673684 0 2.33333 2.38484 0.0208953 10.3211
0.673684 0 2.5303 3.23063 0.0163568 8.69269
0.673684 0 2.72727 2.97936 0.0108454 5.4506
0.673684 0 2.92424 1.54349 0.00464416 4.0668
0.673684 0 3.12121 0.441937 -0.00186361 3.58785
0.673684 0 3.31818 -0.654658 -0.00824758 3.75927
0.673684 0 3.51515 -1.59015 -0.0140965 5.57027
0.673684 0 3.71212 0.155492 -0.0190794 6.7131
0.673684 0 3.90909 1.81175 -0.0229849 5.23198
0.673684 0 4.10606 0.606017 -0.0257338 3.33256
0.673684 0 4.30303 -1.19947 -0.0273638 3.128
0.673684 0 4.5 -1.0846 -0.0279985 3.92749
0.673684 0 4.69697 0.736731 -0.0278111 3.79556
0.673684 0 4.89394 1.14474 -0.0269909 1.84197
0.673684 0 5.09091 0.639465 -0.0257197 1.24937
0.673684 0 5.28788 0.419346 -0.0241564 1.03195
0.673684 0 5.48485 0.329558 -0.0224312 0.898101
0.673684 0 5.68182 -0.103525 -0.0206442 0.987021
0.673684 0 5.87879 0.119431 -0.0188687 0.718481
0.673684 0 6.07576 0.132798 -0.0171549 0.650756
0.673684 0 6.27273 0.156889 -0.0155351 0.592046
0.673684 0 6.4697 0.29096 -0.0140278 0.593606
0.673684 0 6.66667 0.0882633 -0.0126413 0.481169
0.673684 0 6.86364 0.189374 -0.0113773 0.409282
0.673684 0 7.06061 0.320061 -0.0102324 0.331014
0.673684 0 7.25758 0.636134 -0.00920061 0.249197
0.673684 0 7.45455 0.572174 -0.0082741 0.475176
0.673684 0 7.65152 0.299356 -0.0074443 0.363282
0.673684 0 7.84848 0.192714 -0.00670245 0.290724
0.673684 0 8.04545 0.147607 -0.00603998 0.241142
0.673684 0 8.24242 0.0416037 -0.00544874 0.279793
0.673684 0 8.43939 0.0391134 -0.00492119 0.168873
0.673684 0 8.63636 0.0374927 -0.00445038 0.144767
0.673684 0 8.83333 0.0382505 -0.00403001 0.130303
0.673684 0 9.0303 0.0594518 -0.00365445 0.177223
0.673684 0 9.22727 -0.040818 -0.00331863 0.118727
0.673684 0 9.42424 -0.0492585 -0.00301805 0.113503
0.673684 0 9.62121 -0.0951288 -0.00274871 0.120519
0.673684 0 9.81818 -0.244397 -0.00250709 0.146914
0.673684 0 10.0152 -0.236446 -0.00229006 -0.16507
0.673684 0 10.2121 0.532945 -0.00209486 -0.184876
0.673684 0 10.4091 0.950023 -0.00191906 0.591864
0.673684 0 10.6061 0.175285 -0.00176051 0.633548
0.673684 0 10.803 -0.418675 -0.00161733 0.410337
0.673684 0 11 -0.194298 -0.00148785 -0.00585196
0.673684 0 11.197 -0.0437146 -0.00137058 0.0251712
0.673684 0 11.3939 -0.0795951 -0.00126424 -0.00472357
0.673684 0 11.5909 -0.0332753 -0.00116767 -0.00579738
0.673684 0 11.7879 -0.00654847 -0.00107985 -0.00161324
0.673684 0 11.9848 0.0289422 -0.000999886 0.0124971
0.673684 0 12.1818 -0.0508077 -0.00092697 0.0251819
0.673684 0 12.3788 -0.0132229 -0.000860396 0.00290066
0.673684 0 12.5758 0.00339215 -0.000799533 0.00214509
0.673684 0 12.7727 0.0247481 -0.00074382 0.00548339
0.673684 0 12.9697 -0.0369198 -0.000692757 0.0873926
0.673684 0 13.1667 -0.0165464 -0.000645899 0.00172164
0.673684 0 13.3636 0.00126248 -0.000602846 -0.00146561
0.673684 0 13.5606 0.017883 -0.000563244 -0.00140119
0.673684 0 13.7576 0.0559292 -0.000526772 0.0512244
0.673684 0 13.9545 -0.0253172 -0.000493145 0.000116414
0.673684 0 14.1515 -0.00221333 -0.000462108 -0.00726875
0.673684 0 14.3485 0.0129052 -0.000433428 -0.00880551
0.673684 0 14.5455 0.0439749 -0.000406898 0.00344994
0.673684 0 14.7424 -0.0389279 -0.000382332 0.00518596
0.673684 0 14.9394 -0.00510512 -0.000359561 -0.0157061
0.673684 0 15.1364 0.0109124 -0.000338432 -0.0192848
0.673684 0 15.3333 0.0338771 -0.000318808 -0.0183691
0.673684 0 15.5303 -0.0386452 -0.000300565 0.0439246
0.673684 0 15.7273 -0.00380335 -0.000283588 -0.0316083
0.673684 0 15.9242 0.0175823 -0.000267776 -0.0404812
0.673684 0 16.1212 0.0411546 -0.000253035 -0.0481731
0.673684 0 16.3182 0.0845454 -0.000239281 0.0072175
0.673684 0 16.5152 0.0256962 -0.000226437 -0.0741899
0.673684 0 16.7121 0.0769663 -0.000214431 -0.10265
0.673684 0 16.9091 0.151524 -0.000203202 -0.136684
0.673684 0 17.1061 0.355706 -0.000192689 -0.1483
0.673684 0 17.303 0.249474 -0.000182839 0.213571
0.673684 0 17.5 0.100637 -0.000173603 0.142838
0.715789 0 -2 -3.21525 0.00575442 5.00904
0.715789 0 -1.80303 -4.63244 0.00638126 6.97152
0.715789 0 -1.60606 -6.82849 0.00708316 10.8671
0.715789 0 -1.40909 -4.65606 0.00786835 14.9808
0.715789 0 -1.21212 -3.10846 0.00874539 16.9423
0.715789 0 -1.01515 -2.01416 0.00972278 18.0725
0.715789 0 -0.818182 -1.19594 0.0108085 18.6163
0.715789 0 -0.621212 -1.09617 0.0120092 19.2532
0.715789 0 -0.424242 -0.597997 0.0133293 19.6823
0.715789 0 -0.227273 -0.171469 0.0147693 19.8428
0.715789 0 -0.030303 0.235618 0.0163237 19.7427
0.715789 0 0.166667 0.134467 0.0179786 19.5692
0.715789 0 0.363636 0.579817 0.0197079 19.4975
0.715789 0 0.560606 1.05125 0.0214699 19.0703
0.715789 0 0.757576 1.53649 0.023202 18.279
0.715789 0 0.954545 1.32572 0.0248171 17.0079
0.715789 0 1.15152 1.63457 0.0261994 16.3177
0.715789 0 1.34848 1.79253 0.0272044 15.4071
0.715789 0 1.54545 2.05056 0.0276618 14.3889
0.715789 0 1.74242 2.40165 0.0273873 12.9659
0.715789 0 1.93939 2.02077 0.0262016 11.7575
0.715789 0 2.13636 2.10548 0.0239599 10.7698
0.715789 0 2.33333 2.48216 0.0205862 9.78142
0.715789 0 2.5303 3.51473 0.0161078 8.31173
0.715789 0 2.72727 3.26083 0.010677 5.04343
0.715789 0 2.92424 1.61141 0.00457123 3.7975
0.715789 0 3.12121 0.453965 -0.00183429 3.35892
0.715789 0 3.31818 -0.738925 -0.00811875 3.48243
0.715789 0 3.51515 -2.26623 -0.0138799 5.3387
0.715789 0 3.71212 0.177899 -0.0187934 6.47086
0.715789 0 3.90909 2.65052 -0.0226515 4.95534
0.715789 0 4.10606 0.730362 -0.0253752 2.99101
0.715789 0 4.30303 -1.15057 -0.0269996 2.59059
0.715789 0 4.5 -1.04834 -0.0276445 2.56871
0.715789 0 4.69697 0.812167 -0.0274784 2.35268
0.715789 0 4.89394 1.32138 -0.0266864 1.1501
0.715789 0 5.09091 0.658322 -0.0254467 0.710909
0.715789 0 5.28788 0.427135 -0.0239157 0.532932
0.715789 0 5.48485 0.329224 -0.0222215 0.422726
0.715789 0 5.68182 0.178714 -0.0204633 0.467631
0.715789 0 5.87879 0.130377 -0.0187137 0.255129
0.715789 0 6.07576 0.138124 -0.0170229 0.185806
0.715789 0 6.27273 0.158135 -0.0154231 0.133212
0.715789 0 6.4697 0.212024 -0.0139329 0.159508
0.715789 0 6.66667 0.104278 -0.0125611 0.0381039
0.715789 0 6.86364 0.192575 -0.0113095 -0.037227
0.715789 0 7.06061 0.3162 -0.0101751 -0.0992015
0.715789 0 7.25758 0.58662 -0.00915214 -0.108014
0.715789 0 7.45455 0.548732 -0.00823305 0.368343
0.715789 0 7.65152 0.296785 -0.00740949 0.331027
0.715789 0 7.84848 0.193025 -0.00667287 0.275498
0.715789 0 8.04545 0.144465 -0.0060148 0.236235
0.715789 0 8.24242 0.0724989 -0.00542727 0.239519
0.715789 0 8.43939 0.0439164 -0.00490283 0.168826
0.715789 0 8.63636 0.0392207 -0.00443465 0.143999
0.715789 0 8.83333 0.0373338 -0.00401651 0.131333
0.715789 0 9.0303 0.0281129 -0.00364282 0.158461
0.715789 0 9.22727 -0.0328629 -0.00330859 0.119891
0.715789 0 9.42424 -0.0461524 -0.00300937 0.107964
0.715789 0 9.62121 -0.0903286 -0.00274118 0.105247
0.715789 0 9.81818 -0.226893 -0.00250055 0.0829869
0.715789 0 10.0152 -0.178177 -0.00228435 -0.454278
0.715789 0 10.2121 0.47571 -0.00208988 -0.478262
0.715789 0 10.4091 0.780304 -0.0019147 0.360863
0.715789 0 10.6061 0.172918 -0.00175669 0.525219
0.715789 0 10.803 -0.262841 -0.00161397 0.329535
0.715789 0 11 -0.170437 -0.00148488 0.0331793
0.715789 0 11.197 -0.0664545 -0.00136797 0.0335973
0.715789 0 11.3939 -0.0699679 -0.00126193 0.00804902
0.715789 0 11.5909 -0.0317862 -0.00116562 0.000634795
0.715789 0 11.7879 -0.0072052 -0.00107803 0.00356959
0.715789 0 11.9848 0.0172957 -0.000998262 0.0204068
0.715789 0 12.1818 -0.0307236 -0.000925522 0.0303564
0.715789 0 12.3788 -0.011642 -0.000859102 0.00695728
0.715789 0 12.5758 0.00311079 -0.000798375 0.00532763
0.715789 0 12.7727 0.0199983 -0.000742782 0.0112991
0.715789 0 12.9697 -0.00998695 -0.000691824 0.0509067
0.715789 0 13.1667 -0.0134245 -0.00064506 0.00649488
0.715789 0 13.3636 0.00148775 -0.00060209 0.00144247
0.715789 0 13.5606 0.0157342 -0.000562561 0.00290113
0.715789 0 13.7576 0.0237443 -0.000526155 0.0385059
0.715789 0 13.9545 -0.0185389 -0.000492587 0.00643361
0.715789 0 14.1515 -0.00144535 -0.000461601 -0.0041679
0.715789 0 14.3485 0.0119648 -0.000432968 -0.00531394
0.715789 0 14.5455 0.0302362 -0.00040648 0.0101468
0.715789 0 14.7424 -0.0217822 -0.000381952 0.0111756
0.715789 0 14.9394 -0.00352297 -0.000359214 -0.011972
0.715789 0 15.1364 0.0107483 -0.000338116 -0.0160343
0.715789 0 15.3333 0.0286448 -0.000318519 -0.0120451
0.715789 0 15.5303 -0.00596816 -0.0003003 0.019912
0.715789 0 15.7273 -0.000652543 -0.000283345 -0.026342
0.715789 0 15.9242 0.0181898 -0.000267553 -0.0364697
0.715789 0 16.1212 0.0392586 -0.000252831 -0.0419464
0.715789 0 16.3182 0.0527767 -0.000239093 -0.0128909
0.715789 0 16.5152 0.0321885 -0.000226264 -0.0635452
0.715789 0 16.7121 0.0779359 -0.000214272 -0.091199
0.715789 0 16.9091 0.148556 -0.000203055 -0.114668
0.715789 0 17.1061 0.304725 -0.000192553 -0.0861048
0.715789 0 17.303 0.236992 -0.000182713 0.152845
0.715789 0 17.5 0.104409 -0.000173487 0.125149
0.757895 0 -2 -3.34078 0.00572963 4.75389
0.757895 0 -1.80303 -4.888 0.00635218 6.58161
0.757895 0 -1.60606 -7.5884 0.00704896 10.0017
0.757895 0 -1.40909 -4.92198 0.00782807 13.5984
0.757895 0 -1.21212 -3.22945 0.00869787 15.4246
0.757895 0 -1.01515 -2.07061 0.00966665 16.4742
0.757895 0 -0.818182 -1.16923 0.0107421 17.0034
0.757895 0 -0.621212 -1.1594 0.0119308 17.5774
0.757895 0 -0.424242 -0.621697 0.0132366 17.9793
0.757895 0 -0.227273 -0.170909 0.0146598 18.1304
0.757895 0 -0.030303 0.278723 0.0161946 18.0387
0.757895 0 0.166667 0.0908384 0.0178268 17.8831
0.757895 0 0.363636 0.601571 0.0195305 17.7963
0.757895 0 0.560606 1.11489 0.0212636 17.3771
0.757895 0 0.757576 1.66188 0.0229644 16.5843
0.757895 0 0.954545 1.39007 0.0245463 15.3036
0.757895 0 1.15152 1.72891 0.0258954 14.4367
0.757895 0 1.34848 1.88359 0.0268693 13.5343
0.757895 0 1.54545 2.17007 0.0273013 12.5505
0.757895 0 1.74242 2.63921 0.027011 11.1652
0.757895 0 1.93939 2.12345 0.0258239 9.9315
0.757895 0 2.13636 2.17772 0.0235995 8.97051
0.757895 0 2.33333 2.55497 0.0202653 8.08254
0.757895 0 2.5303 3.72955 0.0158495 6.8564
0.757895 0 2.72727 3.47356 0.0105024 4.53577
0.757895 0 2.92424 1.66069 0.00449562 3.51349
0.757895 0 3.12121 0.46797 -0.00180389 3.12102
0.757895 0 3.31818 -0.793114 -0.00798517 3.16857
0.757895 0 3.51515 -2.68968 -0.0136552 4.36493
0.757895 0 3.71212 0.199845 -0.0184966 5.11752
0.757895 0 3.90909 3.13861 -0.0223053 4.03825
0.757895 0 4.10606 0.841536 -0.0250024 2.62172
0.757895 0 4.30303 -0.995487 -0.0266207 2.06943
0.757895 0 4.5 -0.922763 -0.0272758 1.1418
0.757895 0 4.69697 0.82546 -0.0271315 0.874302
0.757895 0 4.89394 1.37077 -0.0263687 0.840122
0.757895 0 5.09091 0.664106 -0.0251616 0.636416
0.757895 0 5.28788 0.430594 -0.023664 0.500475
0.757895 0 5.48485 0.325398 -0.0220021 0.410318
0.757895 0 5.68182 0.206192 -0.0202739 0.394128
0.757895 0 5.87879 0.142134 -0.0185514 0.25595
0.757895 0 6.07576 0.143047 -0.0168845 0.18749
0.757895 0 6.27273 0.157865 -0.0153055 0.13975
0.757895 0 6.4697 0.173551 -0.0138333 0.146404
0.757895 0 6.66667 0.121111 -0.0124768 0.0540887
0.757895 0 6.86364 0.194703 -0.0112382 -0.0177849
0.757895 0 7.06061 0.308093 -0.0101148 -0.0652191
0.757895 0 7.25758 0.520992 -0.00910111 -0.0335122
0.757895 0 7.45455 0.497304 -0.00818982 0.289639
0.757895 0 7.65152 0.290125 -0.00737281 0.300637
0.757895 0 7.84848 0.191697 -0.0066417 0.260491
0.757895 0 8.04545 0.140616 -0.00598826 0.228944
0.757895 0 8.24242 0.0812504 -0.00540462 0.217963
0.757895 0 8.43939 0.0487629 -0.00488347 0.167314
0.757895 0 8.63636 0.0408577 -0.00441805 0.14284
0.757895 0 8.83333 0.0361293 -0.00400225 0.131173
0.757895 0 9.0303 0.0190281 -0.00363054 0.143789
0.757895 0 9.22727 -0.0250006 -0.003298 0.117978
0.757895 0 9.42424 -0.0421343 -0.0030002 0.102448
0.757895 0 9.62121 -0.0829916 -0.00273323 0.0912166
0.757895 0 9.81818 -0.189088 -0.00249363 0.0363073
0.757895 0 10.0152 -0.110316 -0.00227833 -0.330153
0.757895 0 10.2121 0.405579 -0.00208461 -0.342501
0.757895 0 10.4091 0.612401 -0.00191009 0.237739
0.757895 0 10.6061 0.166662 -0.00175264 0.431531
0.757895 0 10.803 -0.168882 -0.00161041 0.282325
0.757895 0 11 -0.143546 -0.00148175 0.0607808
0.757895 0 11.197 -0.0704697 -0.0013652 0.0376813
0.757895 0 11.3939 -0.0606175 -0.00125948 0.0165733
0.757895 0 11.5909 -0.0298972 -0.00116345 0.00644
0.757895 0 11.7879 -0.00790569 -0.0010761 0.00812716
0.757895 0 11.9848 0.00855342 -0.000996545 0.0228115
0.757895 0 12.1818 -0.019091 -0.00092399 0.0287271
0.757895 0 12.3788 -0.00979272 -0.000857733 0.0102642
0.757895 0 12.5758 0.00276588 -0.000797149 0.00812491
0.757895 0 12.7727 0.0152608 -0.000741682 0.0146632
0.757895 0 12.9697 -0.00351033 -0.000690837 0.0357498
0.757895 0 13.1667 -0.0100395 -0.000644171 0.00979028
0.757895 0 13.3636 0.00173251 -0.000601289 0.00400121
0.757895 0 13.5606 0.0133064 -0.000561838 0.00607403
0.757895 0 13.7576 0.012987 -0.000525502 0.028149
0.757895 0 13.9545 -0.0122332 -0.000491996 0.00942485
0.757895 0 14.1515 -0.00056192 -0.000461065 -0.00149312
0.757895 0 14.3485 0.0108175 -0.000432481 -0.00242758
0.757895 0 14.5455 0.0206002 -0.000406037 0.0107513
0.757895 0 14.7424 -0.0107717 -0.000381549 0.0105224
0.757895 0 14.9394 -0.00172673 -0.000358847 -0.00890747
0.757895 0 15.1364 0.0104726 -0.00033778 -0.013178
0.757895 0 15.3333 0.0235678 -0.000318212 -0.00853696
0.757895 0 15.5303 0.0033724 -0.000300019 0.00725875
0.757895 0 15.7273 0.00272796 -0.000283088 -0.0223614
0.757895 0 15.9242 0.0187272 -0.000267317 -0.0327903
0.757895 0 16.1212 0.0369699 -0.000252614 -0.0369849
0.757895 0 16.3182 0.0441089 -0.000238894 -0.0229638
0.757895 0 16.5152 0.0380897 -0.00022608 -0.0558345
0.757895 0 16.7121 0.0781219 -0.000214103 -0.0803907
0.757895 0 16.9091 0.142695 -0.000202899 -0.0948699
0.757895 0 17.1061 0.257109 -0.000192409 -0.0517338
0.757895 0 17.303 0.21364 -0.00018258 0.11183
0.757895 0 17.5 0.105402 -0.000173364 0.109631
0.8 0 -2 -3.44603 0.00570359 4.48417
0.8 0 -1.80303 -5.10276 0.00632163 6.14874
0.8 0 -1.60606 -8.06692 0.00701305 9.10207
0.8 0 -1.40909 -5.14512 0.0077858 12.143
0.8 0 -1.21212 -3.33054 0.00864803 13.8038
0.8 0 -1.01515 -2.11784 0.00960781 14.7664
0.8 0 -0.818182 -1.17377 0.0106726 15.2824
0.8 0 -0.621212 -1.21059 0.0118486 15.7933
0.8 0 -0.424242 -0.642383 0.0131395 16.1613
0.8 0 -0.227273 -0.17054 0.0145452 16.3031
0.8 0 -0.030303 0.310629 0.0160596 16.2274
0.8 0 0.166667 0.0714345 0.0176684 16.0918
0.8 0 0.363636 0.622891 0.0193453 15.9832
0.8 0 0.560606 1.17653 0.0210486 15.5739
0.8 0 0.757576 1.78689 0.0227168 14.7865
0.8 0 0.954545 1.52045 0.0242645 13.6109
0.8 0 1.15152 1.82803 0.0255794 12.6371
0.8 0 1.34848 1.96884 0.0265214 11.7452
0.8 0 1.54545 2.28087 0.0269273 10.8085
0.8 0 1.74242 2.84507 0.026621 9.46194
0.8 0 1.93939 2.23596 0.0254328 8.04053
0.8 0 2.13636 2.23783 0.0232267 7.10992
0.8 0 2.33333 2.60001 0.0199336 6.33197
0.8 0 2.5303 3.839 0.0155828 5.40506
0.8 0 2.72727 3.58033 0.010322 3.96422
0.8 0 2.92424 1.68846 0.00441758 3.22127
0.8 0 3.12121 0.484718 -0.00177252 2.87863
0.8 0 3.31818 -0.805529 -0.00784727 2.83065
0.8 0 3.51515 -2.84158 -0.0134232 3.4013
0.8 0 3.71212 0.220216 -0.0181899 3.7452
0.8 0 3.90909 3.33696 -0.0219472 3.10213
0.8 0 4.10606 0.925991 -0.0246165 2.24149
0.8 0 4.30303 -0.759034 -0.0262281 1.61835
0.8 0 4.5 -0.729199 -0.0268934 -0.30809
0.8 0 4.69697 0.776735 -0.0267714 -0.594688
0.8 0 4.89394 1.28143 -0.0260384 0.552144
0.8 0 5.09091 0.656603 -0.024865 0.562995
0.8 0 5.28788 0.429981 -0.0234018 0.467951
0.8 0 5.48485 0.32042 -0.0217734 0.394339
0.8 0 5.68182 0.215833 -0.0200762 0.357244
0.8 0 5.87879 0.153119 -0.0183818 0.253795
0.8 0 6.07576 0.14753 -0.0167398 0.188354
0.8 0 6.27273 0.156985 -0.0151825 0.144215
0.8 0 6.4697 0.159976 -0.013729 0.134544
0.8 0 6.66667 0.134779 -0.0123885 0.0640564
0.8 0 6.86364 0.195713 -0.0111635 -8.51577e-05
0.8 0 7.06061 0.296982 -0.0100516 -0.0352639
0.8 0 7.25758 0.458938 -0.00904759 0.0128002
0.8 0 7.45455 0.442864 -0.00814445 0.238761
0.8 0 7.65152 0.280302 -0.0073343 0.273028
0.8 0 7.84848 0.189004 -0.00660897 0.245912
0.8 0 8.04545 0.137001 -0.00596038 0.220209
0.8 0 8.24242 0.0852065 -0.00538083 0.203705
0.8 0 8.43939 0.0531028 -0.00486311 0.164608
0.8 0 8.63636 0.0423941 -0.0044006 0.141269
0.8 0 8.83333 0.0350843 -0.00398725 0.129979
0.8 0 9.0303 0.0162727 -0.00361763 0.13377
0.8 0 9.22727 -0.0182399 -0.00328684 0.114355
0.8 0 9.42424 -0.0374395 -0.00299054 0.0970793
0.8 0 9.62121 -0.0737826 -0.00272486 0.0790776
0.8 0 9.81818 -0.147468 -0.00248635 0.00966728
0.8 0 10.0152 -0.056391 -0.00227198 -0.244836
0.8 0 10.2121 0.338321 -0.00207907 -0.242488
0.8 0 10.4091 0.481368 -0.00190523 0.171984
0.8 0 10.6061 0.157227 -0.00174838 0.35379
0.8 0 10.803 -0.107355 -0.00160667 0.246626
0.8 0 11 -0.117323 -0.00147845 0.0783207
0.8 0 11.197 -0.067204 -0.00136228 0.0422789
0.8 0 11.3939 -0.0526013 -0.0012569 0.0225532
0.8 0 11.5909 -0.0277547 -0.00116116 0.0115511
0.8 0 11.7879 -0.00849364 -0.00107407 0.0120229
0.8 0 11.9848 0.00307773 -0.000994733 0.0232116
0.8 0 12.1818 -0.0127678 -0.000922374 0.0264291
0.8 0 12.3788 -0.00794203 -0.000856289 0.0128346
0.8 0 12.5758 0.00241762 -0.000795856 0.0104958
0.8 0 12.7727 0.0113961 -0.000740523 0.0163586
0.8 0 12.9697 -0.00100354 -0.000689796 0.0281726
0.8 0 13.1667 -0.0069669 -0.000643234 0.0118694
0.8 0 13.3636 0.00198389 -0.000600445 0.0061688
0.8 0 13.5606 0.0110376 -0.000561076 0.00824339
0.8 0 13.7576 0.00860727 -0.000524812 0.0219569
0.8 0 13.9545 -0.00737338 -0.000491371 0.010493
0.8 0 14.1515 0.000343029 -0.000460499 0.000719559
0.8 0 14.3485 0.00965971 -0.000431967 -0.000158415
0.8 0 14.5455 0.0148007 -0.00040557 0.00960265
0.8 0 14.7424 -0.00441344 -0.000381123 0.00857495
0.8 0 14.9394 5.21133e-05 -0.000358459 -0.00651243
0.8 0 15.1364 0.0101606 -0.000337426 -0.010755
0.8 0 15.3333 0.0195732 -0.000317889 -0.00681349
0.8 0 15.5303 0.00722878 -0.000299723 0.000717385
0.8 0 15.7273 0.00583088 -0.000282817 -0.0194819
0.8 0 15.9242 0.0191945 -0.000267068 -0.0294916
0.8 0 16.1212 0.03479 -0.000252385 -0.033121
0.8 0 16.3182 0.0408634 -0.000238684 -0.0271968
0.8 0 16.5152 0.0424921 -0.000225887 -0.0500402
0.8 0 16.7121 0.0775641 -0.000213925 -0.0704233
0.8 0 16.9091 0.135014 -0.000202735 -0.0777854
0.8 0 17.1061 0.218491 -0.000192257 -0.0322813
0.8 0 17.303 0.189534 -0.00018244 0.0847046
0.8 0 17.5 0.104021 -0.000173234 0.0957934
